11111111 811111111011111 531

0010111. Velius 111110 111-0 801101105110 27, 74 11 75, 2
0011111, 1111111105 08, 0. ,411-111111115251,13, 28, 70 534, 24
11 408, 2. (1110110 148, 7. 201, 1. 265, 31, 95 11 7, 18
’ 14. 357, 12. 485, 211. 11 11. 49 36, 101 11 76. 28
Censorinus 13, 9. 19. 11111110111111051127, [110 (111-1111110, 24 350, 17
23. 45, 25. 40, 7. 47, 3 1111111101. 111 Q. 0001111001
Charisius p. 27 P. 234, 10. 250, 17. p. 133 Ι, 1 11 2400. 2401. 251, 23
11 11, 11. 11110110, 13. ,1111 100, 1,·11 11 01510
10. p. 218 499, 18. 502, 7. 593. 17. 13, 41 11 188, 5. 352, 17. 355,
515,16. 532, 23. 535, 13. 530, 6. 11480, ’ 12. 369. 11
37. p. 210511, 13. p. 225 523. 23. 14, 45 535. 18
p. 224 508. 5 17, 57 11373, 10
(11110,,11.111111111351.10384131. 483. 18. 21, 07 - 11 338, 22
111 1111110 210, 21. 211. 2. 5. 11. 13. 217. 111 111-111111 201, 5. 357, 3. 527. 11. 11
20. 247, 17. 285, 3. 351, 2. 504, 15. 408, 17
113013. 55, 25. 27 111 10111111
111 111010311101110 207, 5 1101. pr.5. 14 11 08, 22
111 [11113110011110100 9. 504, 19. 111058. 7,10 11 2000
287, 0 10, 32 485, 1
epistularum 1111 Caluum primo 400, 12 12, 36 223, 24
1111 epistularum 1111 11110111 445. 2. 527, 8 14, 42 500, 10

. 0111100010111383,1,2 17, 51 111880

011 2111100101 11 70, 13 17, 52 1203
pro 001110Ιί0 301, 25. 435, 23. 527, 12. ¹ 1111311. 1 1, l sqq. 11 203, 10
53010. 1111208, 7. 292, 16. 204, 3. 1.2 1121142
544, 20. libro 115305 11 1121025 . 112045
pro Fundanio 221, 3. 335, 18 ’, ’ 11 24013. 2008
111 ,1101011100 516, 10, incentionem 111· , 11 264, 9. 300.23
10111 487, 6. 10111111 contionem ,11110111 (11. add.)
11 20, 10 , 11 204,Ῑο
pro 81111110 219, 16. 12. 317, 21 “ , 4007
pro 11. Tullio 197, 15 · , 11 180, 7. 2003
pro 11110110 112, 20. 307,17.-348, 18. 10. ,.. 307, 1
505, 11 “ 411,103110.112000
111 Oeconomico 3854 41.161 113200
111 Protagora 182, 3 (11. adm). 226, 9. 41,105 1120013
. 247, 21. 402, 22 41,100 1121101417
1111111101011403, 10 ¹ 42, 1117 11 250, 24
11111110110510, 19 42, 1110 112111,2
’ 11111011111110 250, 13. 5002 ’ 42, 110 112005
110 rc publica 399, 13. 111 1111101111 11· 43110 11 261,7
01111110112550 11111111170,1·’1. 111 ¹43,111 11261,8
„.„„.„.. 1111 111111
,Ι , ³ ι . ι .
011 110-1111110111 11. rhetor 45,115 11 201, 10. 182112,
110111111111101111·3,4 48013 1.207, 15
2028 545,2 40110 11202,1
2030 81,12 45,1l7 11202,3.4
11 13, 43 4008 40118 11202,5
110 01111010 504, 24 40110 112020
135103 5304 40120 1120212
’ 45, 198 107,11 40121 1120214
01, 250 5303 47, 122 11 202, 18
1155224 2504 47,123 11 202. 2022
63. 250 40515 48125 11202,24.203.2
04, 250 40017 40120 112004
69, 278 207,14 40127 112005
78, 317 5305 50131 112037
111 10, 73 121. 18 51, 134 1120311
111 0101011 13, 41 427, 22. 434, 24 52,138 11 700
0108011011001107, 18 1137,0 53,130 11257,2
1234 1130017 50141 11257,Ιο
13. 37 381,7 54142 1117018
22, 00 1172. 21 50145 112504

34*

 

