tnussx RERVM ΕΤ voanvLouvu 589

. 5145155 80,15

511515,”5540 1. poenas recipio po co 421, 12. 460, 4. 509,

515155511345, 11.347,8 11310,12. sumo 11307, 12. 511 111. 518, 20. 500,

1214151115414133,17

πιστόω 303, 9

5141111111115, 12

¹ pitisso 447,3

πίτυρον 11444, 25

51541112,3

5111115210

Placentia ll 522, 11

placeo 512, 10. 501, 11. 505,
28. 573, 22. 1130212.
placet 11158, 28. 2211, 22.
230, 4. 204, 3. 486, 2

51555 11 302, 11

plango 11275, 19

plantarium 75 0 “·

, platanus 25, 2 160,10

πλάτανος 25, 2
plausibilis 132, 21
πλάσοω 304, 02. 447, 2
plaustrum 30, 9

15 10
125555111511154511481201,5ο4111511439,11

10 πόσος 11 132, 1. 491, 24
551140 2. 280, 5. 434 0 ποοος ll 491, 25

11200 10521, 37 55444 4454415 11213, 3
5111 55151431, 20. 434, 0 5544111 dun 11247, ³6. 252, 12
115111 340, 17. 350, 11 possideo ll 271, 14
ποίη ,up 40, ³ 55444515 115110, 32. potesse
ποιητής 40, 2. 143, 10 11507 7
11515411 1·2.451,13.475, 5541 1138, 15. 46,8. 150,

241130615350,1. 5.330,7.357,1

357, 10. πο2ητέος411, 15 posterus 411 38, 27. 475, 5
11515511 132, 6101, 22 55415115185.12,11303,17
ποιός 11 491, 22 5541115515411475,8
ποίως ll 132, 8 554 411554 11 30, 27, 475, 0
551 11 74, 20 postidea ll 59, 8*
5515111155 27, 12 554114 340, 9. 11475, 7
πολεμ ω 11 349, 1. 19 postliminium 11475,9
1115λο ll 177 4 πόστος 575, 5*

- πο114ηςπολῖτις151, 17⁰ 5ο415111111111474,25

5151154243,Ῑο 32021, 11 551155η 551114 250, 17 55455515 ll 66, 20

475, 37. plebs 320, 21.
· 370,17
5151114511511111175,0
5155539919, 430, 9. 530,

10. 5155151537,3

polliceor 379, 02. 382, 9, 55455554995 -

· 11208, 17 postridie ll 71, 17. 363,16

55115515 491, 20, 492, 25 55151251,17, 110012
pollucibiliter 1158, 7* potens 180, 10: 11239,9
1251155 455, 2. 11520, 4 5515515111 60, 21

πλεῖονπλῆονἹῙ, 11. πλείω Πολυδεύκης 455, 2 πότερος 182, 19. πότεροι
πλείους 11347, 11. τοῦ 555551155111475,9 11 350, 10

πλείοηός ἐστι 11305, 20
Πλεισθένης 66, 15
πλήν 11348, 14
plcuus178,13
5155170, 13
πλέω 417,13 ’
51155554515411328, 13
5111545115181,18.’51515111-
que 1125, 19
, πληοιος 1135, 16 “
πληθω440, 19
Plistlicnidcs 66, 15

s ploro ll 275,18

plostrum 39, 0. 44, 14

Πλούτων 317, 20

5155 503, 11. 505, 21. 500,
15. 51511 450, 9

5155111154 442, 4

plumbo 442,13

51515115 sempor 176, 10. 309,
13, 11413, 25

plurimus 95,11. 99, 13.
plus 80, 3. 265, 0. 315, 12.
301,]5, 11327, 22347,
17 493, 24. 5151114355,
10. 5151111 09 0. 315,.15.
350,11· .

plu culus 101, 11. 104, 13.
umw

po 1111115 uorha 416, 2

publicus 27, 11

55111551111111111419,0 πόθεν ll 365, 11

Pompeius 14, 10. 303, 0 55115 390, 17

pondus 273, 13. 274, 16. 5511518415. 390, 17. 502,
55511511 11407, 27 17. 11159,19, 170, 11.

55115 372, 15. ll 29, 7. 30, 281, 10. 297, 9. 333, 27
27 47, 0. 077. 83, 25. 5511484, 10. 251, 17. 1168,
84, 15195151555515 13, 5111154 1108, 18

πονηρός 11 350, 20 5515 202, 16. 263, 20. 475,

5555 ⁰411, 14. 404, 26. 465, 7. 404, 1. 512, 17. 5317.
·m.m,1wwm m‚6wmmm.
16. ll 466, 31. 527, 30 11209,Ιο

Pontias 128, 25 - 11511182, 19, ll 88, 25. 348,

popellus 100, 17 17 ·

poplicus 20, 19 (11. odd.) Πο5λοδοὶ μας 240, 2 ¹

555515114102,17*πο11ς455,8

555515 popul6rll364, 10 51551142, 28. 49, 26. 345, 1

populus 376, l7 pmcbcol1268,17.273,‘2

porcinus 76,16 pmcccllo 521 11

πορεύομαι 11 350, 3 praecelsus ll 50, 10

5515 0 523, 9, 525,18 praeceps 280, 15. 11216,8

π5οίζω 11220, 2 praeceptio ll 183, 22

115 ρος ll 503, 35 praccipio 1150, 15. 273, 27. .

15151555 οι 27, 24 317,10

noo 511 εος 21 1 praecipito 390, 20

porrectio 500, 20 pmcclnritcr ll 71, 4

porrigo 523,10 0 515555115011

porta quintana 11414, 27. pmednbundu1 137, l7
portae 115111 11417, 9 praedicabilis 132, 6

55111554 11525, 28 praedo praedor 390, 17

551154 202, 13. 203, 10. 305, 5115514115), 15

4. 11445, 2 procgcsdo ll 50, 11

1150155511 179, 7. 285, 18 πός 20, 18 praeeo uerbis-11 311, 10

Ποδης 245, 2
poema 40, 2

πῶς ll 132, 8 , 5155515151151115515 11405, 11.
ποσάκις ll 132, 9 430, 1

 

