999 199911 1919911 91 199991999911 <

7. 210, 19. 212, 1. 213, evestigio 11 373, 8 mstissimae scripturae 999,

14. 115, 9.,305, 8. 320,,,,,,,,,·ο msto, 442 13 5. u. antiqui

15. 81158815ῑί511 448, 22 umis ,7 9 ’ uetustas 119, 10 ,
uerbumsupposit1‘991114411, 19 9515191'7. 254 14· 11431 1111111111 1394 15· 1111), 5
9111 passiuum 11 270, 14 11 ’ ’ ⁹ 91111191119113·11043
111192911111111 11 111, 11 8818111118 8818188118 81, 10 erns 158, 11· 11111 11

111ἧ11ζζξ111,1,),11’,ξξ;313’,4ξ; 444488,81.418,18.11588, 3311331401 5,, 4, „„„,

11.191,19.191,19.119‚ 3⁸, ,0, ,, “ 181111111113111.
-²⁴ ·· ,4, ,, 1514111141. 18. 21· ³³9 ..4141433111 311 ,
mtffimfflffl 111, 580 11 ¹7· 959, 5· 959, 11· 11 818188811811150, 11. 8* (11.
11058181111 595’ 11 599'15' 1151111 add-1
91³1 1⁰3, 12} 7:130116J11e99111m Romanorum 8188111- uicissim1175,4
151’9. 154‚’17,·203 4, 44444· 8, 19. 11, 15. 88, 4144414 188, 5. 8481
204, 4, 444, 13, 27011, 18. 9119. 141,- 18. 144, 41444 858, 15 999. 11
, ,,,,,,,,, 448 22 11. 19915. 115, 9. 191, 414441, 19.11,1.919‚ 19.
,,,,,,,,,,,,,,, 11¹ 130, 24 5.191,9.19519.199,11. 15919. 191. 1. 191, 9.
„1„„„,„„, ῃ 224, 25 191. 9. 119, 19. 119, 11. 1181885. 9199195, 11.
. ,καμπήν 414„1.1¹ 550‚9 159.11.151,9.151,11. uiden 32, 7. uideor 389,
’ ,Ἥ11111ἔ ¹3} ¹⁶ 41814 1⁵1.²·15219.²‘2⁵⁰99‚¹35 913... 11111, 19
11,.11”·. 0,, 3,, ,0 888, 1. 911, 11. 915, 8. 9¹9¹ 119, 8848, 1. 951,
11111111111ἳ,,, ,1 991, 11. 841, 8. 919, 11. 84. 1158811. uigilis 959,
11111114,1,,11,,,,·, 955, 19. 995. 1. 888, 8. 84
111111,,,’,,· 505 ,, 991, 4. 919, 4. 19919. u1g11011119, 1
,11818011 69· ,ὁ '1' ,5 93 195,15.119,11.199‚11. ui1ico 11111991398, 23. 4332
um& 101'11,‘·257,'2.357‚1 512, 13. 520, ll} 23⁶3, ὲ 1111111111 109,6ξ1.2ἷ1208,3
umes ¹5¹¹, ¹¹· ¹¹3¹ 5115880115 1219'91, 111311331'15, 18
1811131. 21 81. 888, 11. 191, 8. 448, 4144411 111. 15
1111111111 1154 ²3 19. 4481. 44144844 usus 4444114411 885, 5
1811111811 191, 19. 444444144444444 4144144 11 995, 8
1811111115411 , 4444 88, 15. 11,19. 90, 4144444 191,1
1181111111131 , . 19. 91, 1. 85, 4. 91, 15. 41444 11 199, 8. 4144 119,
111111 111111 1184111· ²5⁶1 99,1.91,15. 111, 9. 151, 9. 818, 15
1125841· 1151111 15. 188, 11. 199, 9. 19. 451, 15. 88818. 11 111,
111111 1111111111 11 11111· 2· 188, 1.199,1.9.·199.11. 88. 441, 91. 195, 9
1811188181 11 11104 ¹¹· 10919. 1151. 11919 11'119g911465,31
, 1118188111 ,11 11111, 1· ¹¹1· 119‚9.199,11.191,11.99511111119599 .
8811111191 11 111045· ¹¹²¹·- 199.1.195,11.11.111‚9. 44 444444 11 485, 81
2¹33 ¹53⁰¹91⁸ 11119· ²3· 15979i 854, 81818, ⁸933 51441144 195, 14. 991. 10.
uersus praepositio 11 84, 15. 19. 2991913803, 21. 310. 5111011815 1131131
199, 15. 514, 18 11. 888, 15. 881, 84. 991, uirgo 11 195. 88
1181811188 11 477, 30 16. 337. 10. 347, 2. 349, uirguncnln 108, 14
uertex 118, 88. 119, 11. 11 9. 951, 11. 951, 8. 888, 11. 41411144414448. 5. ,11 485, 91
477, 30. 514, 20 304, 10. 307, 22. 390, 20. uiripotens 11405, 31
uerticu1um 11 477, 31 302, 0. 398, 20. 401, 3. uiritim 11 75, 4. 405, 35
11811138 11 477, 31. 514, 29 191, 19. 1¹19, 11. 125, 18. uinnagnificus 11405, 31
nerto 402, 10. 11317, 4. 4281342118. 437, 20. uirspec119111511495, 31·
514, 14 455, 11. 474, 19. 475, l. uirtus 7, 19. 11 405. 34
Vertumnus 11 111, 99 191. 8. 9. 488, 84. 199, 41444 188, 19. 115. 8. 11 115. .
44444 199, 9 5. 484, 8. 488, 1. 599, 19. 19. 195, 11. 199. 18
11811185 105, 5. 11 51991 504, 23. 507. 7. 508, 27. 1119 7, 19. 17, 9911. 249,
uerum 1111‚1.999‚ 19 511, 1. 51885. 519. 11. 9. 884, 8. 9191. 95511.
118888150013 · 510, 14. 518, 13. 522, 8. 11405, 21
uesica 11 522, 24 528, 20. 529, 25. 53210. uiscus 274, 14
4444411157), 519 3333333313·13411414 11. 595, 11. 11
1199 919 ·. ,4 , . ,
4443444444488, 11. 488, 88 518ζ 15. 519'11. 581, 5. 44444 599. 5. 11 191, 88
uesperi 1184, 11. 11, 5. 95, 588, 19. 11 5. 11. 8, 15. 454 41 195, 19
11. 588, 88 1,11. 8, 81. 11,11.11‚1. 48454454 191, 11
uestibulum 124, 10 419, 5. 441,1·1.450,3. ue· 1111111111 7, 19. 11 405, 10

 

