lo'ossx 1111111111 ΕΤ 1004001011111 · 573

130, 0. 150, 10. 240, 5. ἓξ 32, 20 100137*ι 455μο 11111111110111142, 18
310, 14. ee 1011111110 11 15, 20 externus 110, 22 1142, 20
uita 101111010011.150,11111(1111111111111514,23 extimus 90 8 100 14
11. 242, 7. 2703. 317, ξο11111111280 11 11110μο504, 12
11. 11 413, 23. gioeco examussim 1150 9* 1111111120 15. 30, 320.
244, l. 270, 3. 280, 3. exau iis 100111 251, 0. 42, 7.-13, 19. 84, 0
11443, ’23. esfiniiorum 1101111111, 14 1110011100, 2. 11 42, 20
diminution 107, 3 ἐξαρι1211200, 13 1111011111 us ii 59, 4*
1110110011 11101101010402, 3 extreme 11 00, 0
ἔσχατος1οχαιώτατος 00, 1 excutio 401, 17 extre 10111 99, 4
esox 11525. 3 excelleo excello 491, 2. 525, 1101011101 ΙΙ 30, 13
σθημαι 11318, 4 18.527,5 1111111311, 142,Ῑο
0001124 1110110 1120 15 ⁶ 1111110 311 15. 11 259, 27 ’
115110420,13.405,13 1111111101130, 1 1001041112 3
Ἐτεοκλης244,3. 1144020 1111· uso 510, 4. 11 270, 5. εὔχομαι 11240 22. 315, 10
11100111101811145,3 344, 0 111001 0110111310, 13
etii 2000 execro392, 13 1111111 0011011502, 22. 11140
etenim 1152033 . execror 1370, 021. 382, 3. 22 401 20
00111107,12.113,13. 287, 3020. 11132211 101101010011*
11.418,,“2ἒ141ῃ·ξ οῦμ αι 11 311, 0 1110171411 12,3
11101011 1501020 5sse5avtlac 11 25, 15. 42, 3 111001 ης 152, 3. 343, 20
011010111100,13 1111101142, 10. 200, 0. 313, 10 εὐτυχής 11 12, 2. 481, 15
1100113100300, 13 exequiae ’34, 3
11111100,15.00,13 exe 1101 34 3. 370, 02. 11 1117111010, 11. 11, 12. 12,
πων 11307 20. ἧττον 4ομ83103 1..Ιο 19,.,.52224 35,
’111 ι ἐξέξμοα.11’1005 101111
eu d5p5150uque 39, 12 11111011111250,0Ι 11444, 31 111110 170, 5
Euan 220, l ‘ 4201111287, 10 1101111327,15
Ε111111111111100,10 111111130433, 21 1111111111 115, 15
1111011101 00, 10. 224, 17. exhibeo 11 255, 17 273, 2 1111111307, 17 .
300, 10 exig 0 437, 30. 430, 20 Fabrateria Fabrateruus 01, 5 ‚
1110111100,15.01,27.528, 0111111131,21 1111011111 135, 33

’ 35 1111111107, 13. 125, 3 111011110,10.11430,2.

Εῧχ a 01ς252, 11 11101111135,17.’07,11. Α1100111111110111111430,0

· 001010501,1’1,11111111432 000 facesso 377 5. 431, 15. 535, Ι

Ι10. 11 158, 29. 229, 23. ssta‘ossqp 111288, 21 313, 3 10

230, 5. 455, 2 existimo 11 274, 10 - 111“··11111524, 19
euentus 11· 232, 3 ἕξίτη 1.ος 131, 21 101111 11 00, 5. 77,1
1111111011 07, 11 exlex 280, 8. 11 35, 27. 1111111111210,0
euerto 11477, 4 42, 17 iac-10 22, 7. 25, 9. 375, 23.
3133311, 0· “M‘' 5351,{¹⁸3⁹÷0,¹⁶10 3858 10 5. ³513· 13111
1111111110 274, 14 Rupe) 11 208, 1 438, 21. 450, 28. 455, 19.
Eunus 272, 12 0112510 ' 477,14.400,11. 497,19.
1001100110, 10, 17, 10. 30, 1000111101 383, 4 513,10.11·’207,20.200.

13. 43, 17. 41, 29. 49, 20. ἐξουσία 11 207, 10 4. 271, 10. 272, 14. 340,

51, 5. 02, 10. 1223. ”125, expecto 11 274, ’8 0. 527’, 28. 515 325, 0.

10’ 120, ’,0 133, 15. 135, exp 1110101 512, 24 373, 4. 10011111 3’” 0 25.

0.13.30’1,17.357,13.1101110137111’.0 355 11.111101011111111101132010.

372, 0. 437, 21. 401, 20. 400, 15. 5’40. 13. 543, 5. eurum 11101011 350, 2

4001. 507, 17. 21. ’521, 110101111134521 1010101503,4.11148,22.

20. 522, 0 525, l. 10’ exp 111503, 21. 11 217, 27. 404, 25

505, 23. 509, 25 ’500 2. 003,15.’.503 24 1111111011,10.323,20

10, 11 11, 5. 47, 25. ’50, expes 11 35, 23. 42, 10 faginus 70, 10. 75, 24

21. 440, 2. 450, 22. 403, ex piro 11 45, 0 11111111 140, 0

14. 404, 30. 511, '31. 5200 11001101011288, 12 11110410, 24. 4003
Εὔπολις 252, 0 exprobro 11107 102. 200 10 saiso 1108, 25. 52027
Euripides 03 3.247,1 expultrix 371, 0 111111 323, 22
101451110011111111311110027οΑ expungo 524, 11 iouia 11, 21. 19, 9
Euterpe 142, 23. 145, 12 ex (1111111038, 2 1011111243.12.’340, 13. 11
ex 1111110 nomime 140, 11. exsanguis u. exanguis 475, 30

104, 8 322, 18. 11525, 32 exsequiae exsequor 111111-101111110111 274, 3

ἒξ praepositio 151, 12’ (11. quiue exequor 1001111111 11210, 24
add..) 11 287, 10’ exter 05, 0 1111111511,51

 

