111 11111111 nmen 111 renuntientur .

asseetor 3101 315, 11. 14. 95. 401 , 7. 4000015599, 11
1100011110 191 0 408,5. 41014. ,4111000111010010110090
aas* 11110 1010111101390, lt. 100111001101190018.41-101010039911
435,10.430,3.1111011111101 tienrum mos antiquus 11 auspicor 376, 59. 392, 11
11913, 9 ’ 400, 8. 411101011ιί quibus auster austrinus 76, 3
,11101110113009 3001011101111111111199918 austrum 39, 10
assideo 435. 13. 1135090 attineo 501, 19. 11 353, 4. 0111 1166,.5 67, 19. 114, 94.
assiduus 118, 18 011150111998, 18 9808 ,
00100100 394, 99. 5001 ἆτυχ 01 11 991, 11, 0011111111 109, 19. 104, 93.
assuetus 506, 1 au dip litleonqua 38, 91 9819
assulatim 1158. 1* au interiectio 11 13, 14 αὐτοδίδακτος 590, 0
assumptio 560, 91 1111111111 r 11 10, 90 αὐτοκασίγνητος 590, 0
1101041019. 30091 00010111918,8 001000001031811 491,10.
astu 11 13, 4 auceps 10, 18. 90, 13. 301. 584, 5. 0111000θεί00 er·
01111101509,18 00111100 980, 10 101110111090
01000000011911, 90 auctor 154, 99 1131111011309, 15
ἀσυμφωνία 311, 5 01100005111111101309, 93 01010111 1951 ‚²⁹63 0111·
at 119091. 980,.13 41015 audaciter audacter 1176, 94. ruit 589, 3. 0000111 04,
1111111101, 1 11011 11. 581, 19. 11 11, 95.
41111110οἓ 310, 10 11 591, 94 011110111093. 140, 8. 340, 190, 9. 194, 91
’1011010111ιῖ0ιὸ 4. 3009 0111101139, 11
Atheniensis 133,15 audeo 373, 3. 490, 10. 489, auuneulus 418, 0
1111019559 9. 500, 99. 513, 93 0111010399, 10
Atlantiades 04, 3. 01,4 00111010,3.309,18.313,19. auxilior 376, 4. 399, 16. 567,
utque 1164. 10. 115, 15. 11911, 9. 9105. 99011. 11
333, 0. 5000 390, 7. 358, 90. 311, 5. ax linita 1101111110 104, 3. 399,
niqui 11 10010 1111111134,94.130,1 13 11 595, 30. graeca
atrox 115903 aue 450, 10 1040001110110 140,1
1111111111035,9 ⁸ · 11110110 1141, 30 αξ10011999,1
01111111 90, 90 0001111 11 460, 16 ’ αξιωέιατα 11911, 90
Attiemum mos dicendi 94, 011011011911,1 ἆξιουμ αι 385, 0
11. 40, 9. 11, 10. 955, 13. 00101018, 14. 39, 4. 40 10.
599, 13. 11 171, 10. 99. 436, 91. 401, 99. 1141, 01111010109. 19,9. 90, 16.
119, 8. 908, 9 930, 94. 94. 980, 13 34, 8. 40, 6lcs. digamma)
, 949,1. 959,14.904,18. 1111010303 4010 baccar 394, 99
900, 9. 918, 8. 980, 19. 0113104599940191411,13 baeeatus 509 15
981,1.91. 98015993, 000111000111111091, 11 1111001101 434 1
19. 991, 18. 3005. 301, augimentum 11011101010010000 1300001000 1439
13. 93.30·9,13. 303, 11. 1110100111101110111111430, 14 001101.ος 153 161¹. 934,11.
301.10.18.308,14.309,1010111·19,15.91,11. 191, 313, 95
019. 310, 14. 314, 5. 8. 99. 350, 90 5010501110449, 4
310 10 311, 7. 17 augurato 1108, 90 1111111111·.11101111·1111148,1.149,
316, 618. 390, 4.14.l6. augurium 39, 1 14. 184, 91, 905, 5. 8 914,
391,1.11.13.394,13..1113010399,11 13. 999, 1. 910, 5. 319,
19. 395, 13. 390, 9. 391, augu 1013105. 3,.804 39911 19.313,19,11444,9,
7. 99. 398, 13. 399,90.1111011119011.311. 1404 590, 93. 593, 8
330,0.19.10.331,11.18.1101111011910,13.918, 8 1111110118, l
339,11913331533411 11111110. 18. 3443 barbarismus 11 111, 17
335,3.330,5.18.331,5.1111111111 13014 barbatus 449, 4 · .
10. 33010191 93 339, 8. nula 185. 6 111301111111111810
340, 151349, 14. 343, 10. 1010100011110101113109 βασανισθείς 385, 4
95. 344,3.9.345,9.14. 001111150090 0010110000 441, 13
340, 3. 1. 91. 347 816 aureolus 119 13 · Basion 587, 91
. 348, 14. 90. 319, l. 350, aurifex 11 595, 39 0000010011984, 13
3.10.90.351,13.99.359, auriga 11 500. 34 0001100ος bdellium 49, 9
99. 353, 0. 13. 354, 3. 0. 11011101 441, 93 Belenu 18, 11
1517. 355, 6. 356, 3. 13. 111110 433, 0 Belides 01,11
357, 3. 4. 16. 358. 8 15. Aurora 11599, 95 bellaria 11491, 1
18. 356. 199. 300, 11. aurum 1150033 50110559, 9(11. add). 1101,
301, 5. 3091. 3034 ,19. niis 11011111011111111111 166, 3. 91. 801. 88, 99
304,11. 305,11.14.90. 9101113105 11011111110114913 ,
308, 8. 360, 6. 14. 3109 1100011110 11981, 7. 390, 1. belliger 11467 7
15 371, 3. 7. 19. 319, 3. 310, 18 bellissime 1188, 99
313, 4. 90. 374, 1.11. 000010103010 Βο11011011491,0

 

