⁵ 558 ι

Vergilius ,15555159
xl 113 252, 1
11111 2311, 211. 331, 2
113 sq. 1111111, 111
111 11 2111, 21
221155. 1155. 111
2111 sq. 3113, 211. 5115, 15
23315. 11111, 111
285 sq. 3111, 23
2112 sq. 3111, 211
2111155. 2112, 23
31111 32, 1. 1112, 351
313 sqq. 11225, 11
311 1132, 1. 31, 18
313 111111, 111
3511 sq. 113111, 3. 3311, l
38155. 3111, 111. 13
138 11352, 11. 311, 11
153 1131111, 1
1111155. 5111, 21
51111 sq. 11113, 11
532 328, 11
5111 312, 11
1118 5111, 11
11511 3311, »1
1151 11, 11. 11, 11, 11111, 2
111111 31111, 22. 3113, 111. 113111,
55, 12
7'. 1111, 25. 11, 2
''' 11288, 5
513, 211
11155. 218, 111. 251, -1
185 2113, 11
8211822 1111, 8
83235. 5111, 21
815 235, 111
851155. 1181,13
815 515, 111
111111 1121111, 2
’ 11511, 8
. 235, 18
2 ' 3111, 1
»111 1311, 25
5855. 1133, 12
15 115, 15
21111 112111, 5. 2115, 11
221 3115, 25
211 3112, 5
2118 1181, 111
3113 11351, 11
311 113113, 13
311 sq. 11111, 18
315 55, 25

11111111 scnwwnvm

Vorgilius Aeneidos

112555. 111811, 4

11835. 3511, 211

138 188, 211

5113 11188, 21

5111 335, -1

533 sq. 515, 111

531 351, 15

5115 1121132

111-’1 2111, 11

11111 11222, 11

1111155. 112111, 111. 2111, 11

1111155. 11311112

11111 32, 1

121 3111, 111

111-115. 3511,1

8211 11111,13

83255. 1115, 11

11115 111118

11211 11323, 23

1131 11111,-1. 1112, 23

1118 sq. 113111,121
115ϊί15 Flaccus 212, 111. 3811, 111, 3113, 12
115151· 15 151581515155555111· 51115151Ι 11. 13
Victorinus 555 grammatica 11<- syllabis 11,
13*
Vindex 5. Caesellius
15311155 u. ergilius
11511Ιί55 3811, 1
11515555 ad Sabinum 51111, 3. libro XL1'1
511 5115115591, 18

X‹¹110p110n.1ges11‚ 1, 5 112111, 21. 315, 3
amabas. 3, 2111 11352, 5
{wopam 1111 2, 1 11311, 1

111,11 113111,11
1’13,1 11311, 22
1’113,1 11358,18
5,-12 11321, 1
1151155. 11111, 111 113211,11
8, 22 112113,12
1,1 113111, 211
1, 111 112112, 3
1 1, 11 11218,15.21111.21
2,1 11218, 11. 2111,3
1 11212,111
111 1111111, 23
111 11111, 23
51 11111, 25
112,11 11311, 3 “
3,Ι 11112,3
1111 11, 11 113211,1
55555515, 13,1 112111, 8. 30:3,3

1115555.
1115551511.
55555511.

 

