000 ’ 1110111 11111101 11 0001011011νο -

1010100498,14 10011153,10.11465,30 111010101011522, 19
1001001100 11408, 5 Λευκοθέα 76 19 1110111111 110. 22
Laurens Innren1in 134, 1.10111140,13.1152112. 10·111100011523,19
337, 20. ll 497. 25 gis 10110 11440, 1 1110111276,17
10111001111011 198, 3 libella 110, 6 111010 563,4.11464,7 ,“
laureolum 113, 7 libellus 109, 18 111111 11493, 1 0
101110101011498,7’ 11500501,11.ΙΙ4865.11-11001111110111111 1111110109, 14
lauriger ll 4984 bet 561, 3. ll 158, 3010111111001111111431. 19
11101110 169, 19. 267, 3. 11 229, 22. 230,5 loenples 243. 8. 343, 20. 11
445, 19. 449, 9 1110122515. 228, 15. 232, 524, 17
10110325,13.11435,30 3 413,10 1001100010111110101143415.
1001001110120,13,146,’13.1150110110131,1 435. 37. 439, 26
209,1. 1101110 23213 1111111300, ‘2'0 lodix 165, 4 ·
1011010 11 524, 27 1111011110 123, 16 Λογγῖνος 43, 14 “
1010111110 429 12. 432, 20. 111101100130,15 λογίζομαι 11 324, 13
49512 1151110122,13 105015635100000110111
lectus 257,411 ’,444 30 1151011011,413,10, 11416 σύνταξιν 01171011λή0 11
leg 1101,106 12 21. ulna 411100 11 408,198,18
legito 11406, 20 21. (1101011408, 21 110· 10111000511271, 27. 324, 19
1000011, 4. 403, 13. 44317. 11100041 410, 5 lolligo lollignnc'un 103 19
459, 22. 461, 1. 523, 12. libripens 282, 7. 11 478, 2. 1011’ guiquus 130, 12
524, 17 11513 26 527, 27. 503. 19. 515. 12 longule ll 51, 21. 58, 7*.
lectus 11403 ’20.1000011111110 liceo 432,1.3 561‚11. 11 80, 2
138. 3 563, 6. 1146413 439, 6 11001501,3. 11 loq 1101330, 7. 11274, 3. 10
1101027312 446, 3. 563, 00, 10. 158, 30. 229, 22. quendne 1383
5. 11323, 25, 324, 5. 33112304 101100101100100442, 1·
13. λέγεται 11324, l 1100010111126, 3 1010010010030,3
ληγω 446 3 li go 122,” 1 1001ήο 151,,0(11.01101.1
1111101507, 23 1100111133, 17 10 00110000100231, 10
1011101445, 21 Ligurinns82, 11 - ‚lubens 25, 23 ’
Λέλεξ 278. 12 Ligus 82 11. 204,3. 265, 1100011007317
1001110016015 · 21. 11440, 29 511, 17. 1000110110 111 10
1011111130, 3. 140, 10, 200, 7. 525, 22 111000 433, 22. 466, 22. 491,
11473, 32 limitnuus78, 19 19. 492, 20
Lenas 130, 7. 155, 18 limus 160, 13 lucerna 120, 20
1001101011120, 12 2 ling 1107, 23 lucifer 170, 12. 225, 14
1000121, 17 130, 8.146,10. line, gnln 113. 17 Lucina 78,18 120, 20
200, 7. ll 473, 32 111104312.520,18,530,11.11101110111011101302 14
lens 01110101 01 1010101100 231, 54,1 13. 569, 21 11525, 5 10010 392, 14
111147737.503.13’.11001105031.510,510010130214.11274,3
515,10Ι 1011110341, 22 linter 151,13. 160, 15 lucus 136.17
1011100 lentesco 397, 24 1100140000010000010010, 5.100111·01350,7’
10010307, 22 ί1000010100, 30 11141000302,15
100111111010111111011100 100, 6 llq neo 308, 3. 477 4 401, 111111000130215. 11235,Ιο
leo uerbum 173, 14. 529, 19 q8.561. 11. 11001101432,17111010459, 23. 461, 17
leo nornen 199, 15. 220, 16. 220, 22. 230, 5 ludi 11 414, 11
255, 7 liquesco 398,8 lngeo’11270. 25. 275, 18
110010010023213 liqno 303, 3. 10 lumen 126, 10
1000100030, 4 1101101170, 13 = lunonis 562 17
Λεόντιον 216. 1 11311011000115011011210, 13 1001110 113, 5 .
leporinus 70,10 lis 243, 16 302,1. 113648 luo 45925. 560, 510. add.)
lepos 113, 17. 134, 14. 253, nul 11 493, 31 100011012225
2. 11525,. 22 litem 6. 12. ll 108, 10. 1110100112315
1101110101ος 143. 11 114, 2. 519. 2. 1111110 lupinus 7616
λεπτός 11² 409, 5 obn1ndniis 11109, 5. de· 10011011000011110133,5 ’
1000010410113 17.160,1001101110100 11 110, 10. luteola 113, 2
15. 204, 6. 11445, 19. 1100100010111 1. 12, 6. lux 466 23
525, 22 ,literarum 1100111117, 6. uo· luxurio luxurior 303, 15
lepnsenlns104.19 111100 455 3. 11 443, 21. 1001110 41 18. 72, 7
λῃστή ς 140, 0 literne terminales nominum 1000010413οε 07, 11
11111111 ΙΙ 524, 5 142, 10. 105, 11. 233, 2. 10010001130007, 10
[1101010312 prinei 0100 uerborum 437, 1511111237, 2
1010111173, 13. 490, 29. 529, 20 2 453, 30.467,11 1152an 0111271, 27. 325,3
1011101340, ll · 11101010 uox5, 66, 3. 23 1010001110 36, 22. 11407, 2

 

