5111 INDEX scnn‘Tonvu

Solinus in memorabilibus 1, 21 11 313, 111 Statius Thebaidos
mmmm vmmwa
Qsswmmss ⁸ffim3ffiffi
in admirabilibus 33, 11 233, 17 111 11 3311, 2
mmmm

sophistae iuniores 11 1115, 12 ,Μ 267, 9

1111111,3...111111111 . υ 1
Φιλοκτήτῃ τῷ {v Τροίᾳ 11 231, 5. ΗΠ {og 23} Ὗ,
Aitna! 3112,1. 3111131111711711111.1111111. 74¹⁸· 330¹: ,ἰ

ηωψψωωωωωωψ ΝΜ71Ὴ,
volemum. 11312,1. 1111111111. 111511 1:32 ΜΞ,
ΗΨέ, mmmm ,
Sophron 115.) 21111ᾳ. 1711,111
Smberins 1111 proporl'wnv 3115, 1 299 521, 15
Statius Achilheidos 351 5111, 211
1 1111111. 173, 18 11 31311111. 11. 18. 72. 7
131 111, 12 81111. 331,8
2115 327,1 1111117111. 5111, 22
amfimssmmj 2wquw
372 sq. ¹278,3 3311111. 111113, 1
111211 3125 1211111. 857
siluarum 12135 11 11), 23 532111. 3311, 23
’111111ιί1151 1325 571,111 xll 218 11321111
31111 3311, 211 3711111. 3311. 211
115111. 21111, 12 5311 5111,7
51111111. 111111, 13 8111 117, 211
111131ᾳᾳ. 31111, 15 Smin-i 51, 11. 21. 111, 211. 115, 25. 518, 7.
1131111. 1511, 2 11. 13. 1-1. 5111. 21. 11 31, 23. 1311, 22.
11311 51511522, 13 211, 211. 1112, 11. stoici mniquimimi
2113 sq. 72, 111 51111, 11
212111. 11 217, 11 3111101ιί111 111· institutione officiorum 231, 11
2115111. 72, 111 (n. (1131). iu 1111 pratorum 337, 23 (11.
2117 11,3 adet). 11 275, 11. 111 vm pratorum
356811. 351, 15 3812111131.)
338 111111, 111 Sulla iu uicesimo primo reum] suannn
572311. 113111, 23 17111
573 113211, 211
575111. 31111, 1 ’111111111ιί11 Ludus 11 1117, 2
5111 11211111 ’111111111111118 Maurus 1113 11 111, 25
ῖψφωω m mmm
111-1117 115, 25. 2111. 13 233 311511
51111 sqq. 511, 111 1352 221111
7211 1111, 15 222111111111111. 111
1ΙΙΙ 1111111. 1711, 111 , 'luna-unius 2211, 15. 11 1111, 2. 11. 121, 11.
1311 1115. 17. 2113, 13 125, 15
211711). 2112,111 111 1111·111111111101.’1.11]. 11 122, 311
w ww mm
113111. 111112 , . . 11122, 33
117 -11,1 ·.,ι. . 112311. 27
123 1111, 211. 521, 21 2 5117. 1131121
175 sq. 351,111 2 1112118113.
1115 31113 1132111
711111. 72,12 , “ 112711
7111111. 72, 22 1111312
312111. 317, 1312, 111 1711, 21
13519. 521111 1111113211).
11 2117,11 13
111 11111 ’ 111, 111
msq. 311111 ‘- 112·13,11
212111. 1511, 111 ’ 5115, 21
3311 1111,211 ’ “ ΙΙ322,2
mmmmm lmss
3711 sq. 21111, 111 11211·1,15.303,8

 

