574 INDEX 11811111 ΕΤ vocnttvtouvu

, far 222, 22. 312,8. farra 11055 uitium* corporis 201, 9. for 371, 20. 379, 11.558, 13

. 11511 ιι 1155 5151555051111510
farcimen 11523, 11 0011014 1065 ² foramen 126, 1

⁴ rareio 502, 12. 500, 15ιο, gffff⁵2212¹ ,Ῑξ 3,, Μ. ,, roms roas ιι 5051

²⁶2 405, 2ss suerro, 15. 45o, 21. rorem
farin4120‚·2⁰ 515551151111000. ιι 451117 ¹
fartim 11588* 523, 19 10505515 133, 13
fas 190. 1. 239, 3. 312, 12. fulirina 142, 27. 148, 21 1051511510511101555 79, 18
manumitto unitur 105, 53. 1151 tonnano 155, ra ιι 5150
9151150 11 284. 111 fido 420, 11. 461, 9. 500, 27. formula 11 434, 27
fastidio 256, 11 573, 24. 11310, 3. fidens fornax 109, 12
1051115256, 10 11216, 0 fornix 169, 1
fastidies 2511, 12. 1148621 ndns 11210, 16. 219, 5. 301, fors 188, 4. 1186, 27. 18,
fatalis 131, 2 24 17.19,,6
fataliter 11 79, 21 figo 401, 0 forsan 1179, 0. 86, 27. 248,
1111005429, 9. 438, 21 figura dictionis 177, 9. tie· 10 “
fatiscor 429, 8. 438, 22 teroe 9, 1. nominum 177, forsit 1178, 26. 19, 6
intuito 11 19, 21 9. 1119211. 193, 2.’ nn· forsitan 11 19, 6
fatum 11 486, 13 int-rorum 11400, 1. apud 10515550 11 79, 6., 86, 21
fanco 16, 18. 22, 4. 25, 8. Graecos 11406, 9. 491, 8. 1011115515 11 79, 6
459, 29. 469, 18. 411, 3. participiorum 508, 15. pro· forte 188, 4. 1108, 5. 70, 0
489, 19. 500, 14. 569, 16. nominum 58910. uerbo· fortuitus· 1179, 19
11 159, 26 , rum 434, 29 fortuna 11521, 37
fautor 111, 18 “ filamen 126, 13 , 1051550155 11 4 1, 15
saux 323, 21. 371, 19 (ιι. filius 19, 9. 305, 8. 11219, 1051550 433, 2 (-
add.) 23. 448, 1 10500 22, 5. 452, 12. 459,
1111111 521, 6 91111 165, 12. 167, 5 29461, 12. 568, 15
felix‘ 11 12, 2 Fimbria 143, 6 fructura 11513, 19
Felix 347, 12 ’ 95110 459, 23. 511, 13. 519, fragor 435, 5 ¹
femen 238, 15 19 ’ frango 22, 7. 438, 1.21, ·
‘ remor ιι 5110 unna ιι maz> 555, 11. 100, 22. 101, to.
105155 237, 8. 454,2 · linis 141, 11. 169, 19. 11 523, 12.524,17. 11331,

‘ feudo 435, 4 3111, 1 12. 513, 29

fenus 273, 16. 11 493, 28 9011, 13. 127, 1.371,15. 1511105131, 13. 11286, 12. ’

‘ forae 1171,0 402,9. 429, 11. 436, 9. 35213

sorbeo 479, 19 465, 21. 5611, 23. 573, 24. farinariis 131, 13. 1128612
ferculum 125, 16 568, 10. 11 112, 15. 229, fraxinus 11 525, 18
10501168, 23. 71, 8 ’ 5. 211, 8. 33618. 522, 8. 951551 176, 3
1·“0505115551“οι051150115129,18 950121, 1. 9155331, 19 fretus fretum 27, 4. 170, 3. ’
1051511579, 16 funin 11 16, 6 264, 4

serio 418, 20. 560, 13 95151101· 11 70, 6 frico 468, 20. 472, 12. 579,
1050 418, 29. 439, 8. 454, 5. firmus 93, 29. 11465, 20 21. 11 5211, 27

559, 23. 105325, 9. 373,4 fiscina 86, 11 frigefacto-11 276, 22
ferreus 00, 15 flabrum 1155511551 111, 11 frigidus 9, 26
ferratus 442, 5 flagrum 11agr11nni 111, 11 frons frondis 27, 1. 281, 13.
10550105505442, 13 955105 126, 13. 149, 5 11478, 1. 593. 18. 515, 9
fertilis 131, 25 flaminica 1495 frons frontis 109, 12. 281,
105500318, 12. 421, 24. 443, [ia-bilis 132, 23 13. 11471, 31. 515, 9

22. 418, 18. 419, 11. 11 90010 488, 4. 536, 16. 512, frugaliter 11 59, 0*

268, 8. 270,5 , 0. 11489, 35. 513, 33 frugi 121, 10. 294, 12. 6114,
foruigatos 11 525,1 ilino 429, 24 3. 11 141, 8. 224, 12
seruo 378, 12. 443, 22. 418, 905 floralis 131, 5 fruniento 175, 17. 176, 8

18. 479, 11 9110155488, 7 15515051511075, 10
· 105555 429, 8. 5111, 5 11511101121, 11. 126, 7 1555105105 433, 26
festino 11275, l 950459, 20. 491, 16. 488, 15505 500, 1. 11333, 22
10511511011171, 1 4. 563, 14. 565, 25. 11 frustillatim 1158, 6*
festorum diorum nomina 300, 513, 34 15551505 379, 10. 389, 14

12 955155 951ιί5115 136, 25 frutex 109, 12
fiber 232, 19. 418, 19 fodio 461, 12. 417, 14. 498, 9511005433, 11
91150 418, 19 5. 11527, 29 frux 189, 9. 201, 20. 278,
fictilis 131, 20 1011100 432, 3 12. fruges 189, 9. 20429
ficus orbor 207, 4. 11445, fotus follinus 78, 24 sugo 11, 25. 19, 10. 36, 19

20. 498, 14 fons 27, l. 300, 7 fugio 22, 5. 39, 17. 401, 10.

 

