777 111111 115111 111 1511555111

14,181813.142,29.45141111134,11.115714.σι1παξις38912.-550,18.
144,21.171,15.173,17. 75,14.84,12,138,24 11108,2.291,11. 494,1
175,12.176,13.177,13. ,mflnpmommapffi 15 συντελεστης συατελέστρι α
181, 19. 198, 29. 290, 7. 197, 17
15555551ᾒᾮΉΗ39ΉΜψ185
srse 592, 6. 596, 12 7 81·151·11411255,4

1111111180,5 s¹¹¹¹⁰¹1¹¹⁰ 3¹7 ¹¹ Syra lingua 21161482

45151118114 1111511534, 13. 435, 6. 562, 11 8γ1111287, 3

sulfur 11524, 7 suspit 15134, 13. 436 4. 11 σορροὶπτω49, 18

45111414. 14. 419, 21. 455, 274, 17 συρρ 00977757749, 18
5. 568, 8. 11321, 18. 450. susqru 1111111111 59,10* tsvp 07774 181151, 4
29 eus 11 239, 7. 500, 41141111151121414.374,1 σορ ήρσσω49, 18 ·
10. est mihi nomen 11 sustulo 419 7. sustuli 34. Syrtis 328, 13. 358, 5
39912 11. 419, 7 σῦς 265, 12

summatim 1158, 4* susum 34, 11 συζυγία 11 429, 2

suo 434, 4. 459. 25 8511511147,19

- 7 supellectilis 279, 5. 325, 1 11111ο1434, 4 1111115216. 36, 15. 50, 24

supellex 279, 5. 325, 1. 11 4511559716. 11110,.5 171, 1651115551511161, 8. 214,5
21, 8 13. 173, 7. 198, ’25 15111115 110, 16
suerii 31, 15. 45. 26. 54, συ24,10.114, 26. 49227. 1511111529,14
’.313 2. 354, 19. 371, 1 σου σους 113, 1. σέθεν tabes 3,49 13
supera 1155, 23 187,12.113,13.287,11.111111 tabo 188, 9. 189, 19.
superbia-r 11713 41823 310, 105612
superbus 11593 σοχνόςίί 390, 2211111ιί11) 1511111111 1111111116, 13
superssrrus1112,9 σογγ ενῄς 11 211610 1511515114 442, 2
superior 83, 9. 85, 12 συγγνώμη 34. 17. 11344, 3. 1511511111511141511111411472,
οιι111151111586,1.94,14.359,.’22 10
,13 98, 3 99,l 11215, συκοφαντοῦμαι 385, 3 11111111115181131147210
17. 218, 29 1γ1111115 44.1. 5313. 11114 1511115432, 12561, 19111
supernus 77, 9 2. 519,1’2. 1511111111111411, 1111 561,13. 11158. 31.
15515434181127415111. 23, 815, 11. 51, 27. 230 7. 231, 8. 232, 25. · ,
371, 14 52, 3. οονι·γ1111111521,.5 32913

’ superus 118, 21. 1156, 3. expietiua 11479, 29 6115- 1511111111111 231, 8

superi 83, 11 lis 11112 3. 1111115104 Taigete 142, 23
⁸⁰9³ 111 3: 1111] 3} 11·1..·.··1111·1··11 1111111191...
18. 480,14. 483, 2. 480, du 11 11 5218 p 1111151111115γιι”,51511408 22
26 487, 17. 488, 2. 12. Σύλλας 143, 1 409, 22. 410, 5. paruum
490, 17. 492, 4. 495, 13. συλλέγω 1151, 4 11 408, 22. 410, 7
497, 14. 498, 112228. 1311η111ςιι 183, 21 talis 575, 3*. 11 21, 12. 22,
501, 4. 502,8.14. 504, 1115111111, 15 4. 12817. 1329. 3641.
aewmm7mwmmmw0 9,99,9
22. 512, 23. 513, 19. 519, συμβουλεύω 1151, 3 1111111111 132,19
3 525 5 526, 1. 5. 527, συμμ αωΠ 51 4 151119315
18. 528,1.7. 530,1. 531, σύμμαχος 24,12 151111111199,13
24. 533, 19. 530, 1. 537, συμπάθεια 550. 5 Tanagrum 170, 5
1954217. 54512. 559, 11111111λέ115 1151, 4 151111511115,1.88,27
25. 573, 27. 11 233, 7. 51111138, 16. 5023 51,,5 15111522, 8. 1173194382.
235,1. 278, 4 324, 7. 454, 359, 111 20. 490, 5. 19. 497, 23.
4. 9 εγιιιιι cresis 590, 6 524,1.14.11277,3
supparum supparus 109, 17 σουαγ1511375, 11 151111111151111, 10
4555115488, 18 4551011111139411111524. tantisper 11 58, 1*
suggilex2340, 11. 354, 17. ⁸1¹¹:¹¹¹1¹¹¹9¹¹ 331710 ,ar7pu177173-777395,1⁸,¹3'l 1¹ 2.)
QffifflfflwwfiQffiQffiffifflssfflQfffflffl
. , 5 “ ⁴ ⁶ 1111111111·
ωώ85555. 9.9‚9wsffimmwm7
55, 23. 84, 10 5. 558, 20. 1111, 12. 413, Tartarus 177, 2
supreme 11 80,7 35415, 16 taurige uus 199, 9
supremus 99, 5. 11 56, 3 σουδεσμος 11. coniunctio Τ5ιι1111515497,16
surdaster 114,15 συνὲμπτωσις 1118323. 347, Taurouuuutn779 10(77.7rdd)

¹ surg,o411 9. 523,10. 11 10 · 2,968

11114,11.5ι3,1ι1 συνίη μ111 360, 17 Τ5ιιιο15111111,11111479 10. 82,6
surripio 499, 12. 11 119, 21) σύνοιδα 11 360, 9 Taurumiuites79,10

 

