538 ⁸ 1111111111111111111

11181111111111110, 14018. 274, 4 1181148814. 8181888181118111111111500,
1111 10, 25111. 375, 25 22.1811181881831118115311,1081111113).
58 330, 5 111881188111125812.111111·111111111111118
111 521, 0 502, 241.
81 11358, 21 Aemilius Lepidum Porcina 111 oratioue 1111
123 2001850012 111411111111111118811111474, 20
14318. 3154 11111111181111811
150 217,Ιο 118111141111181118111210 7. 231, 11. 2613,
152 328,Ιο 11*.538,11.1110(1111110115 1110111114
157 1180,.5 153,Ιο 11111118811. 13. 208 211. 23,1 0. 232,
174 387,12 2.(11 111111) 301, 20, 305,.8 3352. 4111,
17418. 40211 14 400, 10. 482, 12. 111 I 0111111111.
177sq. 378, 3. 484, 21. 321, 7. 111111 151 111. 111 8111118 102, l*
1121111,18 1118111138111. 1128622,323,1,
20118. 544, 0 305,10.111Χ11111111151111181811
277 3700 11118 XVII ll 44, 25. LVI 1111111118 cou-
278111. 344, 18 3181113445.11881111111118111111118118-
280 sq. 570, 12 111118 14018. 111 CXII 811115888811111
11, 12 87, 22 213.14.18.214,1.1801101143.
28 340, 21 1111“Χ1’111477,2
3018827310 121, 31 2008
11 1150, 18 31, 1 111111
5418381111111311112 11143,1 11723
110 xqq. II 152, ’2 1111 17, l 140, 13*
80 241, 17 V 15, 0 41311, 24
81 404, 8 111311, 111 111111, 17
1401834213 11118111 11011, 18
14⁸3sqq ,1085 11,1 4004
184q.180 12 . ¹ 12,7 1188, 13
1117181] ,4,04 11 20, 0 II 72, 211
‘3813qu 1135018 VIIII 332 1111018
303 100, 4 XXI 40,11 «170, 17
V 13, 40 108,14 112,5 503, 15 (1181111.)
4818341112 XXII 4,0 5338
177111, 157, 17. 310, 22. 24,11 472, 22 (11111111.)
342, 11 30,7 50:515
220 342, 3. 353 20 ,11111405 2055
14, 21118. 304, 15 XXV 3, 111 1120315
30 2081551103. 11,3 5330
1110, 18. 381, 8 XXVI 13, 10. 512, ’2
57 11222, 10 14, 11 510, 12
02 111. 11 11, 11 1111 1
83 sqq. 243. 18 XXXI 5, l II 413, 20
1111 11 3111, 111 XXXIIII 50 11 4011, 7
121111, 304. 12 52 11400, 17
1211111, 338. 18 XXXV 23 II 414. 12
201118. 11371, II ,XXXVII 3. 4 208, 22
248 430, 18 54, 111 II 1111, 20
’271 107, 18 XXXVIII 205111. 281, 13
27811111. 201, 11 38 11 4011, 25
211211, 205, 13 XXXVIIII 5,3 388,l
1517 330, 4 35,7 21111. 20
23 1121811 38,2 2110, 21
10218 q. 243, 211. 140, 10 XI. 5, 5 2110, 111. 17
140 345, 12 · . 0 21111, 18
. 10, 2 8811, l. 435, 17 22, 12 sq. 21111, III
' ,111 11, 111 11 120. 11. 1111
110811111384, 10 888 Ῑ4·1110111141·0200,0- 21, 13 134, 12
111 111111 1111111182 ¹358, 7 1181111111 II 407, 22
18111111 108414382111 111181111113 318,2
1,.11·“11111111111118118200 0 11118111· 281, 3, 14 ΙΙ 153, 12
111118111111811111111124213111111111181· 30111. 112555
Ino 484 0.’1111,111111111111114110 27 (11111111) 58 345, 14
111 811158111111302, I. 111 111 818188813 50 sqq. II 343, 211

 

