0
577 INDEX 11011101 ΕΤ 7054375011714

211188. 14. 382. 25.304,μ11112αν18111408,14 2110181888, 11. lui
13. 305, 10. ἷςιιιασιος’31ἰ’μὲνω 11 511. 300, 0 111111 11’ 41, 1
1130415. αναεν1141311111852811.1152720 11113111111118148
27. ἴα ια 11 400, 0 111811113512 ’8114181111 252, 11
’ εἰσέρχομαι ”11 303,11 ἐμός 582, 5 ¹ 411111111ιᾶ11) 11’ 315, 5
8158111300, 10 1111151151 1 ε1111ο11111141, 14
1211118314 ἕμιιέπλεγμαι 11300, 0 ἕπιδείκνυμ 1’11 314, 11
ἕκαστος 113008 ἴς 811α ἐποδιζω 11218 18. 207,.5 ἐπιδικάζωμ 11 314, 18
στος 11 304,’ 15 ”308. 14 47:77⁵ poppo) 18815
ἑκάτερος 182, ’10. ἑκάτεροι ἐμποδών 11308, 0 4π181ἀ111α11274, 13
11 300. 3 411 110110 nomina 125, 26. ἐπιλανθάνομαι 11 314, 22
1111 47> 403, 0 148,10. 221,10.31’3,4. 1111111011ο111’1430,28
ἐκεινοσί 11 144, l 1152315. 1111111112·21,13 ἐπινίκια 8611 11 ’303, 12
’ 4111511111 11 303, 23 en aduerbium1121, 13 4771575775311313, 13
ἔκστασις 33, 24 ἒν11111οεο1111ο1143, 3. 51, 8118111111111111421, 18
1116111427 43, 10 5’.’ 53, 21. 204, 5, ’302, 25 ἔπιτ’ροπ εοω 11 314, 5
ἔντος 102, 37* ἒναλλιὶ1ιομαι 11 ’206, 0 ἒπ1101””” ανομαι 380, 0
7 «0401181118 nomina 147, 0. ἐνοίνιιον 11311, 7 · ἦπονε2πον40,’ 12
214,12.312.17.320,11.ἔνα11ίσ1111α1131220 ep040 370, 3
'01 producta 11111111 nomina 111111118505,4.1127,14.81180111111181111118321,18
147,11.214,13.312, 10 30,20,51,’8.104,23.’141,81118132,21.102,27*455,
ἔλαττον 11 301 18 10 477. 1. 488, 10 0 11 10, 20
ἐλαττοῦμαι 11307, 4 ἐνδέξια 11312, 12 1111118121,18 302, 13
818111881811118180, 25 122,3 470071130515 811ο1ο1303, 13
1111214 114, 0. 115, ’20 ἒνδόθεν 11 300, 10 equester 118, 10. 230, 21.
51811.111111111111111-51818158880 1 equestris 757, 21
11111111811114,10.111118-ἓν111α11310,14.300,3 8118111111 575 15*. 1157,8*.
1188111811 11 11’1,88.1ο-2111111188,1’5 102, 12 103, 5
, 81111811 114,0 ἔνίχ νιον 11 43, 14 8111111111 114,4
818111111811181111111118210, 10 enim 11107, ’12. 103, 23. 1111181818 114.70.755‚ 18
111811 178,’ 13 285, 13. 287, 8 81 0111111 111111111ίί811 127, 8.
1111118111 Eleusis 210, 8 ἒν1ο111310,1’3 770170‘710 155. 17. 223, ’.17
1111118811181, 75 5111157140s1⁸2‚ 77* 713, 10. 11444, 7. ',575
11111115 11 305, 25 ἐννεοω 11300, 8 251111111112248
ηλικος 11363, 10 ἕννοοῦμαι 11 310, 10 ’1111 α11111ς20, 5
11111118 308, 3 ἐνοχλῶ 436, 10 ἔρ’1’1σ111’ς’ 11148, 21. 404, 20.
8118 0111111 ἀειιο111111111111ο131, 1118311111811ο11111111310116 488,1
12 11181111111811811111118110, 1 ἔ 11181111 μοι,ιὸ74 10111681
ἐλλείπω 1151, 4 ensis 011111111111211111133 0 σθαι 470, ’0
12711 νισμός 11 32, 12 ἐνταῦθα ἐνθαῦτα 440,14 111111 11 41, 74 ·
81111111 11111111 503, 25. 505, 0 {vta-0851 11 350, 12 8111837216. 1147,8. 100,
ellipsis 300, 0. 11 128, ’.8 ἐντέλλομαι 403, ’8 ’15. 278. 8. 337, 0. 300, 5.
228, 8. 230, 8. 230 10 ἐντός 11’43, 10’ 520, 20
253, 13. 305, 8. 318. 2. ἐντρέπομαι 11 311, 14 ἔργον 503, 5. 11 ,22,
325,’ 7. 328, 13. 370, 14 enucleo 11400, 20 404, 20
elocutio 1111181181111111111 32 23 eo 22, 0. 308, 10. 435, 15 11111118 275, 14
81811881111111,1 437, 7 450, 20. 401, 2. ε11111811280,13
1111111111 300 18 115, 15 181 7. 530, ’17. 11811 17 774
1111111188 588155881511811 211 ”1111811, 17. ’1111111
ἐμαυτοῦ 588, 11. 507. 11. 551, 75. 551, 77. 554⁹ 15 454, 75
11 14, 21. 118. 23 , 500,22.112831302,.”7 111111 255 5
21811131151.115ο,1158,11 518815115118
11111111111111111 201 2. 357, 17‘ 705 584. 3 8118011110118137, 17
4110281111 11 300, 0 111111 302, 7 81181118 561,17’
ημεδαπός 575, '75 11 178, 11181γὲ118 382, 0 ἔρρωμαι 11’ 51, 5
ἔπαλλη 161 ης 137, l 818 11111111 1810111320, 3
1111181181 370 10. 380, 5. 7 ἐπαν1’105’, 18 81111188 11274, 10
ημ1α11 311 23. 327, 7. ἔπειτα 11350 21 1180881811312, 18
330, 16. 303, 4 epectasis 137. 15. ἒπέιιτα- eruo 504, 25. 505, 10. 550,
emico 472, 24 ,1111500 27 12. 571, 25
8111111118 11 78, 24 'pne 1174 28 erus 11210, 24
, ημισο 32 21.’ 102371. 455, 311131τᾶ8128 388, 1 8181181704
0. 11 16, 20. ἥμισυ τοί· ’4111111081 11 315, ’3 1181111118 1181111118 11524, 14.

1ον11408,5 ἐφοδεύομαι 381, ’0 es 88111111 1111118 nonina

 

