552 .· ’ utana 0111101 111 1001000010

aninisl00,l7. 15918 345161001101 01312 433, 2. 452,424. 1459, 5.
01110 51, 26 (11. 111111). 374. ang 1ΙΓ1111110 155, 10 115,13 464, 25 471, 2. 480, 22.

211 11 107,187 270, 25. ang, 111· 12,15.100,l7.340,3 481, 2. 517 3. 523, 15. 23.

277, 15. 011111115 550, 22, 0111, 1nstnn 140, 4 528, 21. 535, 15. 543,10.
11 148, 21. 217, 13. 404, 11111101101525, 15 557, 17. 570, 3. 573, 3.
25. 488,1. amandus 138, 1401111 2081 574. 8. 553, 5. 595, 4.

2. 503, 5. 11454, 11 4010110575, 25 11 15, 15. 35, 3. 39, 15.
0010110111280, 13 00111101 123, 15. 11523,7 55, 24. 74, 11. 75, 19.
0111015241 Annalis 335, 18 , 80,5.10,104,23.122,15.
“ 0010110011277, 7. 28013 0001001115 11410, 22 228, 10. 400, 34. 45716.
ἄμπελος 531, 22* 0111111105 138, 9 468, 13. 475, 37. 481,32.
ἆμφίΙΙ 41, 25 01111115 554, 25. 11 273, 2 485, 12. 497, 0. 552, 33.
0110111110001115275, 14 0111111151 130, 5. 11410, 22 555, 15. 507, 7. 514, 28.
0110011111100105 22414 ἀνοίγνυμι 406, 22 01111511οῑ050 antiqua 155
ἄμφω 20,18 ans linita 1101111110 315, 7 ..00000100019014071
amphora 150, 0. 252, 17 01150 ninus 80, 25 25. antiquissimorum m
ἅμφορ petie 150, 0 Αντας 235, 0. 11 443. 25 11, 5. 18, 12. 232024, 5.
01110010 10 353, 8 ἅντανακλασμός 585, 5 25, 16. 35, 2. 95, 18. 57,
0111010101310 5. 393,.,8435 01110112610.40,16.40, 8.129,2.155,14.196,4.

5567, 15011101001120 15 12. 157, 57. 155, 1. 330, 158, 7. 100,17.203,10.
1101010 ·10 303. 5 6, 528, 34 215, 15. 212, 4. 231, 1.
0111001101303, 5. 381, 3. ’1010114015 282, 12. 351, 20. 312,11.

47,0 2 antean 11 40, 17 333, 5. 357, 9. 377,15.

· 0100111100 402, 3. 434, 28. 0011100185, 13. 95, 15 393,11.420,11.432,11.

· . 01111101,5 41111111· 2300

440, 18 01110 0010 011111ῑί1110 111011011ῑί110- ’5, 20. 540. 1. 505, 13.
0111011101· 115837. 511,37.1111110011·1.·010100,·3 4, 20. 118, 2. 277, 22.
87. 71,2 011101110011115 70, 20. 78, 17 481, 11. 480, 0528, 19

an linita masculina gnteca 011105ἰ,·11111111577, 15 11457, (11.1101011111105115)
313. 3. nomina 0100011 15 &mmm ῃ 42‚5

'10 3 77772 ¹⁰¹ 373 3 382⁵ ² antisigma 33, 4 (11. aaa.)

ἄν 11 100, 5. 251, 1. 253, ava ρωπος 140, 8 72951275079792227771121 71459.
11051010511.11..150,·11 10
(ivri 11312, 24. 413, 27 111118110011298, 1 antis tes antistita 157, 11
151101χορῶ 483, 25 0111101110οε 55, 8* (1101111.) 40100105101101, 22. 112, 25.
51001000010180, 23. 430, α’ντικαταλλτὶττομαι 11 256,114,15.127,14
111. 1123216. 453,·26. lt 010010010575, 57
104,13. ὦναγνωστέος 011111λὲ0 ω 11 42, 2 0110111015 139, 7
5535. 11464, 13 41101101150411111111521212 0011525811
1401101111111581, 23 411110001ιο Antiochia 73, 3 anxietas 128, 7

” ἀνάγνωσις 11 463, 20 ΑντιφατηςΑντιφατευς 277 ἀνύεσθαι 381, 2

111101ρὲ0 483, 26 15 (1111110448, 19
ἇνασκε11ή11434,1 0111101111151511454, 10 αωριστωδες 00111011 11 121 2
0101000000010011110111111151608’01110010501111111676 (1110004110 11 295, 6
5000101000011280, 6, 208, ἆνείπτωσις 11 184, 1 ἆπαλείψουσαὸ03,4. 11464,

’ 11 0111101101·11151140,23 ’18
y 0111101051ἰο 01111111111111114008 antiqua 433 21 . 071111101οή 11454, 17

011115··01101111·554,15.21.555,3 01111011151140, 23 · 5111οξ 1188, 14
01100 aps 25,19. 341,12. 11 antiqna1nn1 Romanorum moa 01πέχο00111259,9

217, 25 1110011150, 13. 13, 5. 25, 4001101210 1
Α111·111510110500,5. 1110515 15. 23. 20, 18. 27, 17. 29, 5110100711 11 283, 0. 302, 6
111011031215. 35. 8. 15 36. 12. 37, 0110101233 12
01101005 320 0 10. 3511. 81. 0. 84. 5. 00110 455 15. 435, 6 5405
4111111105· 07, 57 85,6. 080. 110,17. 148, apes 0015241, 18
001111111391,1 2418412. 180. 2. 208, 00105101 127, 15
310101011300103, 10* 1.205,177.220,13.224, apicula 107, 13. 242,4
ἀνδρακάς 11 405, 30 ' 15. 220,1. 230. 10. 245, 0015001· 379, 5. 380, 10
’11νὸ1150000 Ἀνδρόγεως 255, 13 255, 3. 257, 5. 18. amatos 11 301. 23

13 (11.01111..) 4101100300 258, 10113, 20.279,13.1101115110350, 24

0100101110 297, 5 280, 15, 286, 3. 257, 18.·’.01111500111158 57. 53, 10
11111000 001111. 'g' 01814 290, 14 330: 0011550111.οἰ 3ξ12ἓ(100105101111725807 22
111113111410521 10 354, 7. 379, 2. 300, 1.0 5117557111 283 1. 300 22
1111g534,21.525, 15 415,7.8. 421,1. 432,,10. α’πό 1148, 28. 811, 8

 

