577 11111 annu 11111111111111

111111 160, 0. 200, 10 11111224. 480,16.600,1111111143,14.100,0. 11
11111303, ll 460,17.463,16.11627,17 595. 35

16. 486, 10. 402, 9. 612, 11111111 431, 21 χα ρτᾶζομ αι 11 377, 10

17.,66016.660,6.,ρ66611(11111146,.,122008 11111η1160,0.333,14, 11

0, 673, 21. 111111303, 11 1111111128 18. 31, 22. 181, 606, 36
carex 104, 20 . · 4.310,10.366,17.306,11 chartinaceus 130, 3 -
carina 11621, 31 causabumlus 137, 21 Charybdis 7⁷71 ρ16311137, 4.
0111111706 causidicus 11 182,9 Charybdis 327, 21 ·
carnicula 200,6 cautela 120,7 7477777777777'77 306, 23
1111116111 310, 0. 386, 3 1111111300 01111171,’16. 72, 6
carnifex carnulcx 25 23 -11 6021660318.116,1111111111276,.’16
11111111111208.10.324,23 21. 26, 14. 144. 2. 628, 23 161111χ1ρεία24, 17
carptim 1176, 11 Cecropidae 04, 10 111111111611111420’21.428,26
caruncula 200, 2 Cedidcs 97. 9* choriambicum metrum 11460,
carus 11219,9 cedo 420, 16. 46016. 461, 0. choriambicum Ascle 11·
cassida 218. 15. 251‚3 5. 514, 19. 519. 21 (1111111460, 11. 161· .
111111161 ll. 160,11 218, 1111611 152. 18. 230, 22 11111161111111 Glycouium 11

19. 251, 3 1111611111128, 18 46012 ·
1111111660, 22. 599, 13. 673, 11111 162, 1. 334, 13. 364,χ ρησομ ἕνη 663, 3

21. 112226 13. 359, 29. 11227, 12.χ (1111113, ’.3* 11231, 23.
castellnm 111,11 111.1111111111334,10”’418,26
castigo 11 279. 21 cclcritcr1189. 13 χρεία 11 431, 4
castimonia 129,2 ’ cclcrinsculc 104. 0 χρῃ ρήζω 11 177, 3
castrensis 133, 13 11111100.11.11626,3 Χρέμης 111 mcs 244, 6
Castulo 200,8 Ccltil77t 294, 22 χρήσιμοςΙΙ 472, 22
1111111111160,16.164,1.1111111111 ⁴· χρόνος αόριστος 416, 26.

160, 19. 197, 19. 222, 26. cens 11402, 17 44610. 419,15. 417,1, ’

223, 20 226, 8. 360, 15 Censorinus 82, 12 11 261. 3. παρακείμενος
casus172, 14. 183, 10 11 censualis 131.’ 10 . 4162428. 445,22.’' αρτι
192, 7. 181, 7. 182, 22. 111111111111 777 268, 7. 11 182, παρακείμενος 415. 28.
183, 13. 187, 12. 111111. 12. 41630 πάλαι παρακείμενος 416
111’,1.1111111161.1111111111114111 28. τέλειος 6111111416
27831. causatiuus 185, centurio 11 414, 30 26 υπερσυντελικος 4101
25. commendatione 186, 011111111111111111101116111111111-111χρον111133411 11111-
23.11111χ11111111111180,2.1111182, 6 τα τον χρόνον 11111
. intransitiuus 666, 6. casus cupa 11ρο 77. iacpc τῷ χρόνῳ ἒν 1111111116
obliqui 284, 11. 204, 16, cepicius capicium 204, 9 χρόνῳ 11343, 5. 11111111
662, 27. 553. 1.]2. 1116, cera 166, 6 χρόνου χρόνῳπολλῷ χρό-
0. 17, 21. 1262, 12116. 111161111111111111111111110 νον 1111111 χόνος πο·
17777 11111111111111111111111 1611116131]
159, 22. 193, 25. 170, 11. 11111410 11.491.1.529.1l τῷ χρόνῳ touton τοῦ
111, 1. 111, 11. 11111, (1111111111.1111111,χρόνου ἐν τούτῳ 777
270, 30. casuspatcrn77sl85, 17 χρόνῳ τοῦτον ,τὸν χρό’-
14. posscssiuus 186,14.’1111111274.3 νον κατὰ τοῦτον 797
rectus 184 l 18611.11-111111111111111111310,13 χρόνον 11 399, 5
111111111111186,1. septi· 11111111 118, 6. 123, 14. Χυσερωςο11111111254,16
mus 1903 sextus11418 214. 10 Xp' 777077 Cyhrsinm215, 21
22.( ‹asus scxtus procons 777771771999 χύτρα κύθρα446, 14
187,11. 113, 14. 418, 23. 0116111111 ll 621, 23 116111 268, 22
11111111111111116660 ca· 1111 1193, 8 11111 11 523. 30
11111111111111118310.ρ11-χ111111111,23.10,7 01111168, 11.118.5. 121. 16
111111111111603,18.111-06111111 Χαιρέας 143, 9. uico 443. 23. 479 13. 477,
nominum 111, 1 01111111 286, 6 12. 539. 15. 630, 12. 643,
catapulta 143, 15 χαιρε 21 l. ἕχαιρον461, 12 1464418
cataracta 143, 14 C771771090ntitlus Cltalco7lontia- Cim 148. 6. 216, 13
catella 119. 13 (11167, 3 (111·ῃ ro 525, 13 -
catellus199, 17 0616111118, 3. 0611161111111- cinis7 1111( 11 100, 0. 249, 17
111111111013 11114812 Cinyps 198, 14 ·
Catilina 143, 6.,621, 36 chal7'bs 321. 4 111443, 23. ’,476 18. 631. 14.
071⁰ 121. 16 ,1 χαμάθεν 11 376, 20 539 12. 543,14. 544, 22
catulustcr 114. -2' 01111111 χάος271, 17 circu 1141. 8
ster 101, 22.] ,14 χαρίζομαι 1116814. 177,3 11111111 41, 22
Catullus 11521. 19 χαινΗ 1814 χαρινὲχ ω, 11111111 1141.’ 8
111111110017 χαριν 11111 11 376, 3 (11( 11111664, 24. 1133,24. 41, 3

 

