’ γαμηθήσεσθαι 376,3 genitalis 131,2 32, 26. 33,

01011111111011001011011111 - ⁵13*

177, 11. Π276, 513. 283, 21.1101n1nn1n11ll. di· Geta 239, 7, 286, 3
5. 301, 18. 527, 28 0111101100111111 102,2. 115, γεύομαι 11276, 25
11181001111160, 1211, 19 11. 811111118101001555, 20. 818110 528, 25
101010502121539,1.532,22 586, 3. pro110111inu111586, γεγονός 11161, 2611110-
101810 11110315 3.370,3.3.11199,15.1111001010 1111011563, 3
489,1 3319112670 811107,8.21,46
101180 11522, 33 81111110111185, 13. 11 17, 2. 81111111101112, 3
111101100145119 12519. 161, 14. 175, 5. 8111111101 112,2
fumartpersec1nm31, 21. 130,2 213, 3. 215, 17. 23. 29. 8101111010115, 18
1001111111 11 78, 2. 528, 30 218,1. 221, 11. 222, 16. glans 281, 15. 319, 1-1. 11
fundo 163, 8. 113, 13 19. 223, 1.13. 230, 6. 478,2.503,19.515,11
1111111169, 17 - 231, 16. 276, 23. 202,16. glis 219,8 ·
11111127,1 293, 18. 315, 21. 377, 4. globus 31, 19. 170, 2
1111 11, 21. 27, 23. 155, 3. 81111110011101113111011111169, 8101110133, 10. 170, 2
237, 22. 325, 16 13 170, 11. 172, 0. 1731, 1011011180 10
11111111]18,22 21.81011111111111181111111110· gius 251, 3
01101110 1932 1111111110010111110110195, 19. 6180011001 138,16.295,14.
1111111111 111, 25 10 0137, 16. 185, 6. 284, 367, 18
furibundus 137, 18 26. 11 112, 6. 111111 198,·111111111115, 21
1010418, 20. 350, 16 6. secundae 225, 5. 232, 0181001001111111011111459, 12
furor 127, 23 8. 258, 20. 293, 19. 205, 81111111 38, 16
111111n71175,6 21.1nrn11,111. 79, 13. gnosco18, 17 ·
111100111101100,3 196, 10. 197, 12. 213, 9. 801101111101111011122,4. uerba
fuscina 80, 17 220, 3. 228, 6. 266, 21 436,9
futilis 131, 25 166, 1. 115, 17. 7, 5. 81011110, 29. 2558
101110 556, 13. 11373, 16. 522, 13. 1111110 22819. 80081126, 26
487,1 · 231, 8. 230, 5. 267, 19. 80002618
futurus 5689 278, 20. 280, 10. 281, 10. γοῦν 11 2807
‚ 3216.1111240100101-8100011218
8117701012, 13. 20, 9. 30, 1001854. 255, 13. 362, 1113111311‘311116, 12
12(11.01117.).35,22.48,11 22. 101 257‚18. 361,10. 8100101438, 21
Gaddir 231, 10. 313, 21. 11 q1111737336,1.p111'mns gradus u.compar1111uasuper
111, 22 declinationis primae 291, 1111110 positiuus 37-1,7
GadesGadin1nu382,5 29.10000003008.111·81111100262,16.263,12
6011111303, 7 1110351, 9. 00111010364,1110101 1, 2.. 2, 10. 7, 27. 9,
0101111611· 213 2 4. quintae 367 13. 80· 13. 10,8. 11, 9. 21. 12,.3
80110101341,16.562,13 0111111111 pronominum per· 18.18,1.16. 19, 22. 26,
gallinaceus 136, 2 sonarum 111, 1 23. 28,7. 30, 12. 31, 13.
6. 22. 37, 11.
γαμ μα 11 390, 25 genitrix 11 525, 35 17. 38, 16 40,13.13.16.
8111110 11 522, 30 γένος 1128518 18, 11. 51, 5. 55, 1. 01,
γάρ 11103, 23. 1035. 285, genius 11 478, 5 17. 05, 12. 67, 11. 69, 20.
3. 280, 7 7 ' 80110 528, 29 70, 23. 71, 1.72, 15. 73,
6018111111 177, 2 811111110101135, 25 2173, 21. 79, 11. 82, 2.
garrulo 131, 26 . 8111111477, 32 85,17. 03, 11. 97, 32.
gaudeo 126 19. 482, 9. 483, genn 26, 18. 219, 21 133, 19. 137, 1. 133, 8.
4. 566, 22. 573, 23. 11 genus 273 15. 274, 20. 11 15. 131, 2. 135, 5. 136, l.
307, 5 286, 2. 378, 5 013. 159, 11. 161, 16.
81011180333, 0350, 17. 1181180008483, 25 . 162, 1. 163, 9. 167, 12
506, 1 8010187, 151. 532, 22. 11 168, 3. 177,12.13. 180,
8110001111] ς333, 11. 11555, 35 503, 26. 527, 25 14. 20. 181, 20. 183, 15.
81111151, 12 8100111311* 185,17.186,26.l96,11.
1111260, 7 80110 193, l* 191, 7. 192, 26*. 31 *.
817010001511 285, 15 gerulus 11 503, 38 103, 3*. 198, 7. 202, 19.
80111 gelus 170, 3 8110011111409, 5. 412,19. 214,19.217,1.220,19.
8001000180710013111, 413,16. 350, l. 139, 2. 16. 232, 11. 234, 6. 243,
1. 196, 23 596, 23. 11226, 5. 233, 16. 235, 6. 252, 15. 255,
8111110111· 180,.8 10011111, 27. 233, 5. 321,7.366, 4. 265, 5. 11. 271, 2. 15. ⁷
1. 11116, 30. 490, 23 10472, 3 272, 12. 273, 5. 277,1.

gemitus 258, 17 n, novovr6csuovdvssc27, 77,20 278, 9. 280, 3. 283, 13.

8011001101 112, 5 8111100101 11 503, 3 287, 3. 29. 288, 1. 299,

“ gener 233, 11 gestio 11 563, 27 22. 322, 29. 327, 3. 358, 6.

81111111 11111. 182, 11. 8111011375, 13 371, 3. 37310. 378, 11.
110, 10. 13. 1331. 101, gestor 510, 1 0101. 10111. 10111.

 

