588 INDEX RERVM ET 70071777011777

0111115358, 15. 1147241 11 108, 18. 0111110015 (10- 511 1187, 17. 05, 0. 8305.
ιξμννμ 1,·18ἒὲῖ2. 1111 32311, 18 1101104ἶ111411, 14 31138,8(1)7.,4404 14. 512, ’23.
011010 0111 01 0111 a
01101111 305, 21 0151511222,10 01111105 80, 4 ’“
00 11111111 nomina 3111001131, 0111011175,1’7.170,8 0111117, 17253, 10
10 140, 1. 215, 15. 210, 0111111111111115 138, 2 0111111117,17.253,10
3,·220, 10. 325, 20 ordinatio 77 7847, 18. 200, 27. ox 1101111 nomina 140, 79.

ὄνασθαι 11 333, 17 404, 1 188. 18. 323, 12. 77 5202 ·

ὄνομα 57, 2. ὄνομα φέρω 01401111011111110,3.111101011 11011502, 23
11310,’0(11.110111011) 18013 ὄξύνω 502, 23
ὀνοματοποιία450, 1 01101 388, 14. 300, 21. 5,87 00584. 3. 113,1. 10, 7.

· 01156111101101111110310,20 10 5508 ’ 402, 27 0ος 1131 ἓοῦ

ὄνυξ 2800 ὁρμ1’ζο00111323,0 1110, 7. 001ν187, 12
0100111011342, 1 ornatus 185, 5 773, 13. 287, 11. 418, 23
opifex 77 525. 32· ὅρνις ὄρνιξ 32. 10 5115111061 103, 1*
0111110302, 8 307, 3 ornandus 738, 2 0500305 11330, 8
opinor 302, 8. 307,- 3 11 010 374, 20. 7347 401,13 01101”’0011337,0. 340,5
77277, 77 11 104, 3 270, 10. 377, 7 0110111011 11 340, 10
0111111· 220 7 01011115 245, 14 οὖν 011101 773387. 22. 0οχ
0111101ς503, 3. 77 404, 17 ὅρος 28, 7 111101· 11 338, 23
011111 η,ς441 10 502, 21. ορφευς’ Ορφης Ορφην 51510185 ·
77 404, 21 270, 5 0101ξο013270, 4
ὁπλίζω 7447, 21. 582, 21. 0111101111 31 77 011ος 287
503. 2. 77 484 17. 22 01501111111100111111320,5 0111113335
ὁπλοφόρος 11 481, 17 ὁρθοτονούμενα 1100115010 11 03907765777187, 1151111111)
oporteo 432, 13. 501, 11. 14, 8 Ι 113,15.25, 18287, 11
oportet 717229. 22. 230 8 ὄρυζα 170, 5 οὖρος 1287
{nosos 17 132, 7. 487, ’23 0511111101101111110134, 14. 181, 0850915016
ὁποιως 11 7327.8 22. 2531 3183. 11524, οὗτος 581, 2058012110,
0111ος 11132, 8. 2001. 280, 30. 05 41111111 8111001101, 20 120101272οό-
10 ’17. 271,15 ως ssnita 100111 111, 1. τοῦτο
011110ος 11 132, 7. 401, 25 [110011125410 5051011368, 17
0110111150, 22 05 oris 254, 73. 378, 8. 77 οὕτως 11 337, 10. 338, 10
01100182,10.1188,25 474 5 ὄζω 30, 21
opperior 400, 78. 5740, 74. 05 01111254 3. 318, 3. 320
1117151μ1111111 54550, 111 .777...71‚ 1. 10, 28
ops 0111111 1101111110321, 21 ος 582, 1. 114, 37. 8, ’21. ,1111111101 433 20

’ ops 341, 0 125, ’.7 120, 20127, 12 pabu1uml274, 12

Ops 321, 21 ως 11 ’,317 18. 330, 5 110111100110110101300, 15
οψιμ ος 77 788, 20 ὁσακις 77 13,2 0 paciscor 438, 22. 512, 23.
351001011401, 7¹0 051111111103,’0.11474,7 513 13 5773 ·11
0010111105 00, 2 051110 0501101307,1 ,15010116420
0111111ιο 77 887, 22 osculor 378, 20 1111111000, 10. 1107, 7
optimas 718, 72. 128, 24. 01111111113010.11474,7 paenito 432, 12 561, 10.
120,3. 001101111110217* 00 ημὲρ ραι 17 323. 5 334, 7 11 180. 10. 0111111111 501,
0111111111505, 10 08,.3 01110311ος03310.401,2’0*. 3,ss 148, 14, 158, 317.
’1111157, 16 (u add) 00ον 77 305, 23 230, 7. 231, 7. 232, 25.
opulentus ll 218, 3 ὀσφραινομαι 1121025. 334, 328, 13
opus 274, 13 11 483. 21. 15 ρο1111110105441,15.502, 10
001515161111307, 01. 288, 4 gsrhoppp 321, 77 ⁶ pa711777171177317m997yilp3w73-
01111115 a 110 ι
010111011001111012120 154, 0000111ος 575, 421 32513. 001101110011111111
7. 23418. 313, 27. 320, ossu 254. 0 11111477, 10, 408, 8. 50422
., 13. 11523, 225111 01080, ossum 257, 6. 318, 4 0110111115] metrum 11450, 0
27. 101111101οι1αο 77727738. 10 5011113380111131111080, 17. 120, 27
01115, 15. 1140010. 474,8ὀστᾶ 30, 15 pago 523, 724
ωρ α 10, 24 051011110’520,10. 1131411 παιδεύω ’562 22, 11167, 7
0151011051101111115 11235, 2 05110111111521 1 100, 10. 484, 21
ὅραμα 503, 5 051101111111 75, 4 [11111111 1152,1’
ὁραω 503, ·.4 11404, 27. 00111354, 18. 1111,28, 128, Παλαμήηὸς’244, 2
ἕῶρ dua 1111ον 440 1 2. 125.4 4127, 3 Πα11αὸιον 31 5
oratio 53, 27. 11 108, 23 05111111111474, 77 Πά11ος230, 13
112, 87 113, 71. 1177, 4. 05111110 30 10 01)11101115130’,7.441,10.25
110,’5. 14015. perfecta ὅταν 11 335, 3· palmarium 750

 

