111 ’ · ‘ 1000111011010010

Demosthenes Philippicarum Δ300101 171,’4. ia Epicharmo 341, 20.
11 30 p. 525 11328, 1 in praeceptis 532, 171
1111 411132 11342, 22 Epigramma 10 tripode 0010111111010 4110111·
10 p. 134 ΙΙ 373, 23 1111110111011080101011110111001111117, 13.
1111201101010 6311. 1225 11173,2 253, 23
001).1“2’20 1117216 Eupolis 11 426, 6. αἰξί 11 334, 15. Βοὶ·
1110.8110111101(10110106111026 113080 1101101270.11011110291111.
ario. ’1011001οῑ. 61). 702 11371,21 Προσπαλτίοις 11 2117, 20. 320, 4. 111
101). 706 11357. 3 11111011 quae 11101101· χρυσοῦν 1111ος 1(
1111111101110111110111) 1408 11 211( 5 426, 3
1110101110111110οῙ01110111 corona 11111·- (1011111110111106, 16. 163, 18. 166, 19.
010102 11. 1228 11376, 3 265,2.282,17.3(1(1,20. ’111310101000
0101100154511311,16.1101·111.119.11 151, 20.
1111110101· 15, 410. 01111..) 445, 14. 11408, 601111). 10111 11151,17.1111)11011·1.11
9. 4112, 8. 110 1011011010 548 19. ἐν τω 283, 12. 211οο0111. 542 10, ll. 52, 2.
111111 τῆς παρὰ Ρομαίοις ἀναλογίας o. 582 10,13.52,4
1¹ 411, 6 601109101819
Dinarchus ἕο τῷ κατα Πολυεύκτου 11
263, 6. κατὰ ,Τιμάρχου 346, 14
1110111110177110111462, 15.501,13
0100101101 1). 362 P 476, 13. 1) 3113 485,
2ἓ. 111... 399 4011, 19. 515,19. 1). 397
55, 2
0001111001 111 1111110 pro 10 225, 16
00011101 111 commemo Acoridos 11 91, 26.
26, 16
111. 9101110101. 11. 173512. 7, 16
1).1736 11 460, 25
1).1740 1141421
1).1742 1159911
1). 17-13 11284. 3. 481,1
11. 1747 20617
111111 010111
1).1755 11 460, 28
1).1756 59919
1).1763 1141,16
1).1705 1127,20.51, 1¹¹.
' 354, 211
111.700 1191, 26
1011101001011) Ter indr. 1113, 4 1( 281,
14 321113

Fabios Maximus 389, ¹¹ (0. 01112.)

Gaius Fannius 386, 9. ’10111011011001 11 8. 15
F 0001101111 386, 13

1100001 a. Verrius

001111101011110101010 1 113 282, 8. 1 1111
2826

(1111111111. Aelius

14.(101110100011010 Atticarum 355 211. nort.
..111 1114 8 2511, 23. 1111 2411, 9

(11 11011101 11010 XXX 318, 4

1110111101 11091001 111 1110100112110, 11. ia
Thycsrc 299, 8

(101011111001101 386, 4. pro 10 513, 17.
comm 11011011171111010000188, 4

(11.0110111110161, 16. 548, 5. 551, 11. (1 120,
(1.124,17.500,“27.1,·101001111001010
000101011101112,6. grammatici Gracc-o
ram 1¹ 462, 13. 00111101 grammatici Grac-
corum 11, 22. 110101 tissimi Graecorum
1111100101101187,10.1141822. 9001-
1001101011185, 8. 172, 11. 529, 169536,
2. 1157,16. 91000101011111 rr 00 33,
12. 87, 14. 363, 21. 1101, 13. 465, 25.
quidam grammatici 11 475. 14. 910111-
111011011101110106, 3. ’22. 10, 9. 19, 17.

3011010. Cassios
Emrias 97. 8. 206, 23. 383, 6. 4111. 3.
434, 8. 450, 9. 470, 22. 500, 20. 51¹¹,7

591. 12. 11 71, 3. 162,14. 205, 20. 231,
20. 272, 211. 418, 2. 462, 25. 111 00-
00111101170, 7. 334, 22. 337, 26. 482,4.
518, 111. 111 1 237, 61. 10 11 000011
250, 15. 1011504,26.113,0. 111 V
1111111110οι 428, 14. 111 V11 annalium 223,
4. 486, 13. iaV111 annalium 486, 5.
111 1111 210, 10. 10 61111278, 17. 486,
15. 111 X annalium 39, 4. 10 X 541, 15.
111 011111111011 Xi 419. 19. 445, 7. 10 X1
0001111473, 23. 10 xil 153, 11 (rr. adm).
230, 5. 111 X111¹ 1100011010 171, 11. 501,
14. 0111111411.·2.518,11. 111 XV
1101011 250, ¹¹. 259, 9. 281, 7. 'm XX}

01111011278, 13. iaXVi 153, 9. 518, 17. .

111 XVII annalium 260, 2. 111 Xi'ii 011-
11111 106, 4. Α101111110000250, 13. ¹¹1
111111100101102113, 13. 10Μο1101 3211, 10.
11423, 36. 10 ,111·1011111110517, 10. 111

’.11, 11. 38, 18. 43, 11. 51, 3. ‘25. 54, 23.
7813 01,3.10·1,11.1111,10.11111.
142, 20. 147, 211. 151, 16. 170, 7 183,
15. 184, l. 185, 23. 188. 1.. 22. 1110, 2.
199, 21. 204, 18. 207, 3. 213, 11. 214,
20. 220, 8. 225, 21. 234, 6. 246, 111.
253, 3. 256, 2. 275, 2. 301, 0. 313, 24.
320, 24. 328, 5. 342, 2. 353, 24. 41111,
15. 406, 7. 408, 1. 27. 4011, 14. 41217.
410, 3. 9. 422, 6. 455, 25. 465, 5. 507,
18. 517, 14, 525, 15. 550, 22. 5110, 1.
575, 101. 579, 28. 580, 4. 560, 22.
1¹ 2, 20. 3, 14. 11, 12. 12, ¹7. 20, 1¹¹.
21,11.28.13.30,18.411,11.52, 211.
5929. 57, 14. 05,·’12.83,26. 9925.
103, 5. 22. (15.23. (31.6. 148, 25
155, 5. 102, 111. 202, 8. 2011 10. 4111,.8
431, 5. ¹3¹9.ss 1411, 37. 450, 9 4112, 3
403, 28. 465, 35. 407, 211. 470. 31. 480

 

