548

Terentius 111 1111111111

mmlx 81311111 011111

111 2, 21111. 1172, 111

22

21

11 137, 15
11 1117. 12*

211-ᾳ. 11 11113. 21321.

211

2-11, 1. 3311, 2
2117, 13

ειι ιη. ιι ιι), 11

111
3, 1
111
311

11 213. 21

11 281, 11. 3211, 111
21111, 111

11 2111, 8

‘- 1111. 211

11 112, 11

,.
f '- 227,11. 117,12

ΙΙ 111, 11. 11111, 3

.' 11 3115. 1

5111, ·.>;ι
11 1111

ι’ 111111,111, 253. Ι1
“.. 3112, 21

5111, 7

· 4211111
. ιι 1ειῑ,ιι

’ 11331115
“” 151113

11 237, 21

:2 11111115
11111111
·. 1111, -1
111111

1111121725

. 11 111, 21

11 21111, 211

1,·1. ιι 111,·111

152, 11

. .· . 11 337, 22
ζ 11 118, 211 .
, ’ 115117
·. 11273. 11

11 11111, 231
5112. 111. 11 11111, 11.
2111, 111

.· , 11 11111, 21

11 3217, 7

11111. ιι 111, 11
27111. 288, 111
ι, 11. ιι ιι ιιιι, τι

111

11 11111, 7

lsssq. ΙΙ 1, 211

1, ι
ιῑ»
111
ιιι
111
1ιι
13

ῡ, 1

ΙΙ 115. 1
11111, 5

11 1117. 11*
311, 11

11 1711, 15
11 112. 12
358, 111

11 1117, 1111

1111ἶιιιιιιι·Ιι(ι]ιι·ιιΙ.1 sqq. 11 1111, 15122. 311

32

11 11111, 1

ι 1, 111,. ιι 111, ιιι. 11111.

211

311

123. 3
11 111,11. 323211
11 11111, 21

’1111111151 111 Eunucho

1 2, 5 11 77, 20
18 11 511, ὃ
23 11 331), 21
23 sqq. 11 211. 1
21 11 52, 1·1
33 11 1111, 11
11 11 137, 13
113 11 331, 13
11119. 11 338, 2
118 128, 7
1111 11 318, 3
11111 11 1111. l*

111,11 11 ,1358
111-1,, 111,-1. 1151111
2325 11111, 1
2, 111,. 11 ms
11 111, 27. 85 18
·. 1111, 17
11 322, 17
11355111
. 11351, 11
·.: 57511*
2 511311
5. .· . 11111, 7. 11 323. 17
1113122. 1111, 12
11 5511, 1
11 215 11. 11111, 111.
11111. 111. 512, 211
. 1531
. 1113, 11. 11811, 111
11111127
, . 11 1711, 13
.· . 11 3111, 12
’ 11 ll. 11
, 11311111
“” 11357,111
.q. 1111111)
117.2

ι . . 11322,1·1.351,11, ,

355, 221
·. 5111, 17
5 11333111
·.,“... 11 1.·11
ι· 11311. 11513
.; 11 225, 12. 321, 2
33171. 11111111
311 117
13 112211. 1. 332. 111
53 11155. 311
3, 21 1111, 12
211 1111, ’.15
1, 111 1311. 11
5, 311 11 1111, 11
11 15117
51171. 3111115511, 2
52 1ῖ5,2
7,l 1111111
11112, 7 11511, 25
12111. 112211, 11
3, 3 1111, 21. 11235. 15
ῖ 113111, 11

22 5112, 17. 11 1. 22.

 

