555

111111ιί111· 111 1111111111111111·
1111 1. 23 sq. 11 251, 111
2,1'3 311115
3, 11 315. 1113110 12
11111111 1111, 8
18 11217211 2113111
δ 188. 3
30 11312. 13
55 103. 15
1, 5 320,17
(11.1] 11 211 13. 2111123
1 1,21Ι.11]. 11111. 12
2,3 11 2,1,10 11
3, 211). 11 273,11
21 31111 5
7 11111,7
5, 0 175,11
11, 1 188. 1
31 1122
111 1111, 11
8, 21711). 11111, 1
1111 11111111
'1'mpum1m' 15. 20³¹
’111 111111111- '238 5 iu 1111111111111111· :uus
,’11111111111111111 112ῖ,11 21
”11111111111111111 euntium 2111111 (u. 111111.)
στρα11ώ11σ1 11 311 13
’11111111111111111111111111· Philippimu 11111
’11111111111115 1 11187.l. 11 11 1711 1.
1111 11 ’,1011 11
11 11 287.1
8 11 3111, 3
23 11 3111 1·.1 31111, 3
21 11 “211·1,’ 1. 3113, 1. 320. 20.
35115
01 11335¹ 17
, 1117 112115. 3
112 1131112
137 11 152. 1
11111 11 1811. 111
111511 1121111, 10
112 11 181. 13
1111112 11 187, 2
111 11:351.13
711 11315,1-1
1112 11 3111, 21
121 11353, 15
121 11331.5
111 ’.111 11 332, 1·1
'suidas iu 111111111111 1311, 2
'sitimus “207. 111. 11 711, 211. 111 borbum
227, 5. 255, 5. iu Fuuuuuui 213, 3.
iu [1111111111 1211. 15. 33110. iu ..rumina
5211, 12. iu 11111111 12) 11 70, 17. iu
Quinto 377. 3, 308. 21
Tripodes 1111111111111111.1·111·,,·1··111111111
Trogus l'ompoius' m 111110 11 2111, ’2 (u.
111111..) 1111111111.ῐ1(11.111111.)
Τι1’ ummo iu 1 111-1111111111 205, 0
’11111111 518, 11. 11 202, 11
Turpilius 11 1111, 3. 111 1111111111) 11125, 5.
11. 'm Lindia 11 125, l. 4211, 1. Ι111 pu-
mmmsu 378. 15

111οΕ11 scuwTom'ol

1111111111· u. ,11111111
1111111111 111 111101111111111200, 1. 258, 10
111111111111111111111111 memorabilium 11 1, 10

105, 21

Varro .11. 7111·ε1111’11.113.11 15, 1. 380, 3.

2,1111 11.383, 1. 5. 387..'.¹ 1111..1 350,
17.11.111,111.1171,2, deuotionibus
scenicis 111 2011). 111111111111111111 5211,
22 iu1humou=¹uum523.·2. 5. mm
1111111111,111111111111111111133117, iu

11 111· :uuiquitute 1itorarum 8. 2. iu 111111- '

11111111· 2511, 20. ephemeride rustico 5311.
1. 111 11111111111111331, 10. 11111111111111
511, 25. 111 mousuris 120, 1511111111).
io primo de origiue 1iuguuo lutiuoe 30,
35. 1111111111111111111111131 01110111
1111111111111111111112, 111111111111187, 7.
111111 1111111σεω111111,11(11 111111..) 1111ος
οὗτος Ηρακλης 232,11.11111111111111111ι
25¹..) 13523211.1111111·111113711.·2,”1
(u. odd.). iu ⁰1 uiuo 375 5. 25(11.1ι1111.).
111· uomismutis 2011, 11 (u. 111111). 111

11111111111111111 111, 7, iu muguo 1111111111 “

1112, 5. 111· 111111 populi 11omuui 111uu 1
2112. 21. 111· lingua luliuu 333. 12.
3 1111111111. 11110,11.1111, 111, 3'11 113
110, 3, iu xxm! :ul 111110111111 510, 1.
rmum motiummu 530, 1
125 520, 21
’ 57,1 11131
1111‚7 1113,111,321,20
111113 1112111
3'umo, 1¹. Terentius ,1111111113 331, 211. 1111Ιί
311111111ιί11 miro 11 1117, 10. iu (horo-
gruphia 100. 15
1111111111· Ruuotus 111 mi1ituris libro primo
320ea·1r.) 117, 111
1111111· 1,’1·Ι1ϊ respondi-us Hadriano impora-
tmi quo· upismlum 517, 1
111. volu-ius Putmuulus libro 1 238. 3
3'mgi1ius 57, 10. 170. 5. 11 132, 32
11111·111“11·11111,11 351111
15 11110, 21. 111, 10
20111. 11332, 15
33 2¹35, 12
5111. 1131111, 12
50 11 21111
112 11 211, 13
11211. 11 10, 211
53 155, 3
511 21111, 11. 311, 11
71 1132, 11
81 111 15, 7. 373. 17
2,13711,111.112117,21,
277, 15. 300. 3
113, 2. 11211123
112 112, 15
,1 111117,12
5711171. 11170. 10
23 11 213, 25
25sq.·113.2
33 11213. 27
35 11203. 18
50 11211511

 

