188 ranna unam nr voctnvnonvu'

toga 25, 14 tressis ll 416, 17 tunico tunicor 112. tt. 111-
103111844115562, 15 , Treuir 158, 10. 206, 6. 11 nicetus 111, 21. 562, 15
toga 1011111442, 13 444, 20 turbidus 137, 11
111111113811319’ ⁴ 1111111111} 171'21, 1. 111, 11110811. ¹1⁷8

τόκος 563,4 10. 11 5237 turgeo 185, 10

¹ tolero toleror 307, 2 tribunatus ll 523, 3 Turia 143, 17. 201, 13

10110 418, 20, 5211. 14. 528, tribunicius 185, 21 turibulum 121, 11
l. 8118111134,11.419,7 tribunus plebis 440, 6. ll Turnus 114118, 16. 511, 11
tondeo 22, 21. 300, 8. tous 175, 8 ' Turonia ll 522, ll ”
tonitru tonitrus 118, 5, 262, 1111118268, 5. 3115, 4 111111111011511111372, 1
4. 263, 22. 11 445, tt. triceps 271, 11. 352, 24. 11 1111183811, 18
523, 5 182, 15 turritus 582, 17
tono 468, 27. 473, 12. 526, τρτχεῖς 11 413, 211 118011111101111101311, 1
28. 1011114508 tricorpor 236, 5. 271, 12 11810111265, 0. 273, 11.
tonsor 371, 13 1111181118 161, 2. 251, 8 11 4113, 23
1011811111111371, 3 tridens 343, 14 ⁸ Tusci 26, 17
tonstrina 120, 10, 1146316 triens ll 408, 26 tusculum 104, l
1011811111 371, 13 trifariam ll 74, 211 tussis 3211,’5
toral 123, 5 ‚ trigae ll 416, 32 tutela 120, 7
torcular ll 523, 22 trimus ll 416, 24 11110 3011, 22 =
τόρευμα 11 490, 22 1111111413,20 11101387, 11. 3116, 22. ll
toreumatum 201, 2 11111111111182112, 15 274, 15. 314, 7
torpedo 122, 13 triplex 340, 4 tuttax ll 50, tt* (a. 111111.)
torqueo 487, 8. 48811. 5112, triplico 11416,5 tuus 580, 18. 11 108, 25.

. 10. 573, 3. 11277,8 111111111111416,2 2005

torquis 100, 3. 160, 18 Τριπολίτης1“11111111111111882,4 τό 24, 10
101110 403, 17 triptota 188, 10. ll 237 rappoivoo 11211121. 316,10
torris 1110, 17 1118111111111 11480, 10 , Tv 1117111101270, 5. Ty·-
torsor tortor 487, 8 ’ τρισσοί ll 413, 211 deus 301, 15
10111101 11 71, 4 tristior 02, 13 Τ11111011187111110871111101173,
111511, 11. 11 11, 1, 111, maden 8110. 11111111- 10

11. 181, a. 1111, t. 101, 11111081 nim 110, 1. 11111. u

27 triumpho 41112. triumpha· 18, 111. 167, o. 168, 14.
τότετότε 18118, 11 tus 511, 11 115, 11. 11118
totiens 1178,22.88,10.132, triumpltns 20, 10 tyrannus 11219, 24

10. 415, 25 1101111111”111818 11 421, 8. Τυρίας 143,0
10118 227, 0 (a. 01111). 206, tractatum metrum ll 4511,

10. 575, 51. 112, 21. 7, 11. tetrameter trocltnicusaa- ulittera‘l, 15. 12,11. 13,

0. 4411, 30. 402, 0 11118111118114111, 12 0. 15, 1. 7. 111, 6, 17,16.
trabeatus 441, 25. 562, 16 Τροία 30, 20. Troia 287, 3. 27, 0. 28, 11. 3618. 265,
111111832016 0 11467,7 13. 3112, 12. 11 consonans
trae-tim 1163, 16. 75, 11 τρόπος 11306,6. 333, 15. 11,12. 1111154. 35, 111.
tracto 431, 4 337, 10. 370, 2 cf. digamma
trado 1130, 6 Tros 11407, 12 1 fluita uomina 123, 8. 146,
τραγήματα 114117, 1 truncus 203, 22 15. 210, 14
τραγῳδία tragoedia 40, 4 1124, 10362, 13. 112, 28. uacillo 378, 13
Trallis 358,6 144, 21, 202, 8. 401, ll. 11110561, 12. 1111143216.
trames 160, 18 tuto 501, 6. 24. 503, 18. 11 158, 30. 2211, 23. 230,
· trau011311,5 11192,21. tete 502, 25. 5. 4862
1110811303 . 5114,15.5116,10 1111118130, 7. 11218, 10.
· transfuga 115222 tuatim 448, 2. 1151101111. 222, 16
transgredior 1130, 7 adal). 4112, 23. 528, 26 1111101387, 12
transitio 1114, 23. 15, 11. tuber 11523, 30 1111118 21114

17, 22. 32, 25. 127, 7. 168, tubicen 126, lii uago 306, 24

10. 160, 27, 170,11. 183, 11001387, 16. 11274, 14 1111101380, to. 306, 24

17. 211, 22. 231, 16 tugurium 25, 16 ualt ualtu 111, 26. 48, 23
1111811110 11811, 6 11110 410, 8. 526, 15 ualde 81. 18. ll 71, 12. 74,
1181011148, 21 Tullius 11521, 18 21. 286, tt
trecesimus 11413, to tum 11368, 17 18110460, 17. 483, 18
01νά rotis ll113.211 1111111110 306, 23 uaniloquus 11 182, 11
1111110011275, 6 111111111111380,10.3116,3 1111110377, 15, 11261127
11111141811346, 16 tumultus 185, tt. 257, 21 1111111011 183, 21. 186, 13.
tres 355, 15. 358, tt 1111110461,17.517,21.510,7 11 102, 12

 

