578 ’ 1111111111 11 vootnvnonvn

inductio 11245, 23 intellego 56, 6. 421, 25. 523, 147, 8. ’179, 25. 198, 17.
,indulgeo 487, 1. 11 177, 3. 16. 525, 3. 11300,19 203, 12. 206, 18. 200, 6.

273, taio, 13 internuntii 201, 8. 500, 33. ipsus 11
induo '11 317, 4. 346, 27. inter 1142, 21. 72, 23. in· 6, 25

350, 2 ter se tt 178, 0. 200, 14 11 1111111 nomina 234, 8. 313,
induperator 11 100, 16 intercapedo 122, 12. 11 43,2 2451111111.)
ineo 308, 23. 11310, 20 intercedo 11 107, to* i,154 6, 234 10, 11444 22
ineptus 11 12,6 ’ intercus 271,1 ., 'ff ,1'71 3 '
11111151. ιι ton, 11. ‚interdiu ιι 13, 11.-30, 13. norun ¹¹⁰¹ ²
Ι 46210 32112 . irritamen 1263

,inermus 11 182, 17. 462, 10 intereo 11 43, 12. 362, t. irrito 11 67, 20

iners 325, 10 480, 21. 505, 14. 508, 0. 111111111525, 10

ingennus tt 478, 6 528, 33 1111111111111111130, 14.Ι 150,

ingredior 438, 21 , intereo 483, 26. 512, 20. 566, 16. 219, 7. 248, 15. 317,
· inhibeo 437, 30. 438, 18 20 · · 18. 11524, 22. 'graeca
· intotonat, 31133, 11 interest 533, i. ιι too, 1. 13113. 131, 3. 331, t.
· inimico 438, 18 3687 1111112111111111111136734

inimicus 25, 11. 11210, 26. interibi 1150, 61. 8* 11 pronomen 303, 26. 577,

352, 13 interiectio 178, 20. 551, 16. 10. 57010. 58014. 115.
-111111111111171,3 tt 73, 14. 00, 5. 110, 18. 17. 10,13. 142, 20. 147,
11111111111210,26 182, 26. 528, 34 ‚¹ = 8.158,2. 10818501,
infandum 1101, 20 internecio 122,2 ’ l8. 111111 14, 6. 303, 6.
1111113108325, 18 1111111111111111143,2 ei ii 208, 0. 1151120114
infelicitas 178,5 1111111111 1144, 1 ’ Ι1511111132), 23
iniciox 11526, 2 interpres 241, t. 11 42, 22 istc 228, 4. 577, 10. 11142,
1111111144, 10 “ 1111111470, 10 30. 147, 8. 198, 17. 500,
1111110183, 0. 85,12. 1144, interrogatio 570, 10, 580, 2. 23 ¹

to 11133, 13. 133, 3. 133, 1. 'tecnon ιι 350, 11
infernus 77, 6. 1144, 10 137,10. interrogatinrtdi· 11111580,13.500,18
11111111 118, 21. 11 44, 0. ctiontnn 11 121,·17 istorsum1184, 12. 138, '21

inferi 83, 11 interrogo 381, tn. 11275, 7 {sinoce 503, 14
intentanti interrumpo 1143, 2 'itn 1163, 8. 65, 21
11111111 11301, tt interuallum 1143, 3 1111111287, 3
intimatis 338, 11 1111111108, 4 initiae popuii 27, 0
1111111111 80,0 intono 571,1 · 11111111476.6.10
1110111100, 7. 1144, 10. 465, intra 11 ,43, 15. 72, 23 111111118123. 183,1. 11100,

26 “ itttrttnsitinn compositio 555,2 15. 521, 2

, intio 420, 16. 1111111150, 16 11111111111111144,1 1111111751
infringo 438, 21. tt 512, 25 intro orlnerbitnn 11 43, 20. iter 151, 7. 220, 1. 454, 2.
informis o, 13 ti, 13 not, 1
11113 1130, 2. 2636, 13. 11111 uerbum 434, 18. 11303, 11111111175, 14 -

44,4 15 itidem 1175,1 - .
innocens 568, 21 11111 11 36, 13. 43, 20. 72, 1111111151,8.220,2.11146,6
inops 341, 10. il 216, 0. 23 iubar 170, 6. 11523, 24

218, 0. inopis 11520, 15 1111110358 1111110401, 13. 11227, 15
inquies 241, 8. 242, 20. 320, 1111111011274,8 1111111503, 2. 11 463. 24 ,

22 ’ inuicem 11 178, 611 1111111“31111503,2. 11456, 31.
111111146012 11111111 374, 20.,11 164, 3.· 403, 24 · ·
1111111420, 10. 40514. in· 268, 21, 271, 18. 274, 4. iudicialis 131, 1

2111111101, 11 · 487, 34 ingornmingns 306, 21. 307,
inquiro 44, 15 inniditt 17, 4 11
tonino nnn · 1111111 131, ,tr (u. ann.) iugurthinus 11, 13
insaniter 11 70, 10 1111111127 ,2 111111111111404,1. 1111111113

' insero 375, 22. 5320 1111111111 301, 0. ⁴433, 17 uerborum 551, 20
insidior 370, 2. 435, 12 1111113111 ncrbrt 371, 18- 1111111180, 2
1111111438, 22. ll 325,7 io finita nomino 121, 22 iuniorum trsnsdt'cendt' 23. 3.
11111111111326,4 1311111238, 16 302, 6. 325, 7. 418, 7.
1331331312 iiiiiiitiiiii 1311 1111313111 ⁷' ²⁰ ”
inspicio 562, 11 1111111111 78, 14 luppiter 189, 0. 228, 20. 220,
11111301,2. 313, 18 11111180, 7 tt. 418, 7. 454, 2. 5642
instituor 301, 25 ἱππεύω 447, 12 inrgo 1111311306, 17
1111111125, 12 1111227, 7. 577, 19. 570, 1. inro 483, 23. 484, 2. 4851.
intcgrasco 428,0 22. 11141,23. 142, 20. 512, 17. 566, 22. 573, 2.

 

