maai scuiaaom'ii

Cicera pro 11110111·
4.11
1233 11 aarum. 3723
· 22511 11211120
211711 410, 6. 426, 10
pro Mai-celio 12 263,14
3,8 9111111115
7,21 181,12.226,4
8,25 11368,111
1,1 11191‚5
1,2 11100,17
30 11301114
111 1164117
5,13 35121
5,14 311217
1125 113618
1,1 11368,18
3,8 03,18
6,17 11193,15

aas, 11

pro Ligario

pro Deiotaro

1124 73,3
1125 739
11,31 1134216
12, 33 11273111. 325. Ι
Piiiiippioarum 11 24 11360, 7
10, 24 3115, 3. 407, 21
14, 35 11365,17
21171 4111,17
3284 386,5
381111 9361111111.)
, 11128 11277,10
111 7,20 3454 ⁴
xm 17, 36 117010

ff Tirsonianaimui 5,10 470,18

1126 53110
11124 54224
11111146 105,21
11116,11 Sauli
21162 114265
21163 246,2
V 25 371,10
20, 58 371,11
1111611115
de 1111111111111111111 11 8, 22 195, 22
32, 81 45114
34, 811 4324
11120, 51 2511, 3
31, 76 2111, 16
111· divinationi» 1 28. 50 ΙΙ 4118, 5
111, serianum· 15. 52 242, 111
topicorum 7, 311 3117, 16

’ 111-11111115 111111111111111115 a. aoinmrntaiores

1111111111 Smyrna 298( 20

Claudius Cacsar 33, 4. Caesar 15, 5111.
adil.)

Quintus 111111111101111111311111148-1. 7. 111
11 annalium 393, 5. 111 111 historiarum
23215. 111111111111111541, 12. 1111111
11111111 317. 7. 8

. 1111111215, 18. 11411116. Grai-ai uatu- -

siissimi 11 418, 111

Cammmmuoms probatissimi Ciceronis 11
316,2

Corinna 28, 4*

533

01ιὲ211511ιὲ Sruems in 1'111 111· statu suo
Cornis1aius ia 1 do 11111115 11111111257, 6
Crassus 11. Ninnius

Inij‘i'itiss {gissus in iegis Seruiliae suasione
uminis 11 aaa, u. 1111111111 aia. ia

ἕν Νεμέσει 11 195. 1. Ὀδυσσεῦσι 11
111, ia. ἐν navitas 11 111111. in
partina 11 319, 0. ἐν πυτίσῃ 11 378, 20

- Curio 384, 13

Curio paim· 385. 11

Dardanus 11408. 18. 4011, 30
111111051111111511 21111, 20
1111. 1111111111. 211. 503 R. 112111, 2
111 corona 3 p. 226 11 340, 5
1011228 112711,12.206,14
1111220 ,1128117
11211213
11370,17
1135114
11301,5
1131123
11 373, 22
113666
1128113
1117112114 11321110
30811300 11181110
314 p. 330 11342. 11351110
1111181111111111111 1011. 1302 11 318, 1
111 suisa ingan. ⁶21). 341 11351. 13
lap. 315 1121111, 12
23 p. 348 113118
27 p. 3411 11 280, 5. 21111, 11
7011363 1131111
167 p. 393 112428
17811307 11341, 25
181 113118 113613
21211407 1132118
22611411 113583
adu. Leptin. 10 p. -159 11 313. 3
10114111 11288,21
. 30 p. 466 11281110
91 p. 484 11 3704
111111. iiia. 5 p. 515 11 321, 8
iuram. 1 511. 10 11 1111111
151113 1131111111
Ι 11111128 112711,7.205,10
71130 1131221
24 p. 35 11371115
:iun-38 113215
mimi'amaanei. 1 11111111 11 1722
53111182 11351122
111 pai-ei p. 58 113728
1’11111[11111·111 11 372, 11
Philippicarum
111110 113718
11114211, 1134218
2411411 1131221
3111151 1131111111*
11101168 11211222
12 p. 611 112115, 20
1611611 11282,11.301,12

19 p. 231
20 p. 231
27 p. 234
30 p. 235
35 ρ. 237
71 p. 248
107 p. 262
1811 p. 2111

 

