115111 11111111 77 70777777077777 111

11 276, 21. 311, 10. 331, κηρός1511, 6 15151151 118, 6. 222, 6. 11
16 κ111111111αριοτή ς 143, 10 523, 22
ius 1151111 1155111111 135, 10 κλαδεύω 11531, 22* 111151· 2511, 18. 202, 11. 2113,
15.· 265, 6. 273, 11. 11193, κλείω 101, 11 11. 305,' 5. 77 445, 3
· 23 κλίνη 257, 15. 11111, 30 11111) 121 11. 110, 6. 461,
1511555111551177,18.178,17. κώβιος 20, 211 255, 8 10113255
180,11.110,1”5 κο χλίας333, 12 11111511 155, 18 (77. 7777.)
iustus 1-,10 1. 113118, 18 κοιλον κοιλον 311 22. 11107, 1α1ρτιος 1111111111 302, 3
15115171, 1. 474, 21. 150,.5 111 1111 ·ῑο 363, 15 ’1
22.1011,11.1501,1·2. 11 κοκειόν211, 10 1511513110, 10. 303, 15. ΙΙ
520, 33. 5111511115825. κοινος180 11 367, 5 358. 25
2211 23. 230, 5. 180, 2 κολακεύω 3311. 2 .333, 11 11111· χάνω 11 323, 22
1115155111 7777775'777 131,10 κόλαξ 323,. 2 1511115515
11151 511115151151511151111551335, κωλόω 11 323, 15 λακτίζω 111,ῧο 13
17 317, 12 Κόμρς215,11 1α1ῶ111,13.151,13.λα-
iuueuis 353, 8 - κωμωὸια 10 3 111τ15ς111, 15
15515111111525,21 ιονίδιον 111178, 2 503,16 λαμβάνω δι’111ην 11 307, 10
15111.1111117.291,11 κόφινος 100. 3* t 11155111 566. 24
ix 777777 770771571 1110. 11. κοπιῶ 11323 12 1515115130 12
10511322, 21. 11525, 31 κόπτω τα (1111111ατα 11323, 8 Lampia 40, 17
κοσκινιζω520, 11 Langia 10, 17.72, 15
11151118,21.12,5.13.0.1151513818 155115517115
17 30, 3.19,1 11111, 25 κρατήρ 1577· 5. 11 565, 31 1111111323, 23
Κάλχας 239, 9 - κρῖ 211, 19 Λαοκόων1 220. 13. 251, 2
1150511111· 11310, 7 370, 14 1151115520. 11. κρ1011ς503 111ρ111551011, 10
11777176777124, 117. Καλ11ιό- 112 11 103, 21 17p17166,10. 218,.8 11521.
77777746, 15 κρίσις 5113, 2. ΙΙ 103, 25 p28
κάλως 11 182, 22 · κρομμυωιόὶλης 203, 20* 11155111 127, 7. 222, 0. 11
καμμόω1311, 15 κρυβω 1-15, 21. 51171, 23 523, 22
77777777777 14 κιζβερνή τ ης20, 30 11111511111109 28
καρ τερ ω 11 322, 0 κόλιξ 11117, 1 1511110,11.223,13
κάρυον 311, 23 κυνηγετῶ 11 151, 17 1513111 70, 4
κατά 11 26, 15. 27. 37. 20. Κύπρος 20, 21. 11 170, 31 largi ο3112. 21
11, 20. 111,1. 5311321, Κῦρός20, 24. 271, 10. 11 11111111 511 391 21. 133, 27. 11
18. 322, 23 3, 3.171,0 30 ' 2173, l
76776067667 11321. 20 111101ραχ όθρα 110, 11 15111111111158, 7*.8*. 70,1
καταχρῶμα13111, 11. 11320, Larinas 128. 25. 11 521. 12
11 1011111121, 5. 15. 26, 8111. 111 1111131551151· 15 ducere 11
καταγ 1111111322, 12 111212..) 46, 2. 11 107, 1. 323, 12
777776777777711321. 11 numeri signum 37, 3 1511511203, 22. 566, 13. 531,
κατάγω 11 81, 11, 323, 0 15 1151111 7177777777'77777'776120, 7 1112225
καῖαγρρρωῖ41ὢ, 231 11111111111111115111,13511’1111 111 ρ51101ρ12111521, 21
1 77²7 11111 5
καταπράξομαι 11322, 20 Labeo 11551151115511515121,1511118011 (77. 777..) 228,
1115113111111313231, 1011111 1 1511151102, 27 1111111551121111120111 11111 1111
καταμελῶ 11 321. 27 labor uerbum 386 10. 402, 157777 110, 11. 109, 13
καταφρονῶ 11321, 13 27.138,20.173,13 1511115133,5.11515,·11
καταπονῶ 11301, ’70 labor labos 185, 1 1115551 11109 8. 11 467 12
καταράομαι18111132291511οτο11200,110.273, 1. 1,.111551111101. 515,10.
κατά ρχω 1111302, 13. 316, 18 1511511555011, 17 Λατῖνοι 115, 1
καταοτρωννν ι,403 12 1115 146, 16. 213, 1. 321, 3. Latius 77 515, 21
κατέχω 1132316 1111152110.212,5.320,1111111151.515111111103,12
κατηγορῶ 11 3121, 7 21 15115 121, 17 110, 18
κατεύχομαι 11 322, 11 lacerna lacernatus 441, 21 11515555151188,0
κάθ ααι130, 10.111301,5 151110 438, 27 17757274, 13 21. 11193. 21
καο1ζομαι 11320, 19 lacerus 531, 7 155110010125. 155717777717777
καθί1111111300, 15 11111114311155111115.13111
· Κατιλίνας 1131, 7 51212) 111511, 11 1111153110,8.103,3.152,12.
κάτω 11 11, 4 Λάχης Laches 121113 150, 0. 100, 16. 171. 2.
κήδομαι 11110813. 175,·20. lacrimabilis 132, 71 175125. 180, 18. 50313.
177, 20 , 11151151ο11275,18.180 27 558, 28. 509, 10. 11 520,
11151 1077 1515551511551111,15 3511111 7’075 17 17.
κεράτιον 11 406, 7 lacuna 78, 5 · 39, 8

. 37 2,

 

