542 INDEX SCRIPTORVM

Persius 101 2, 44011. 433, 24 1111106003.13,3211.4581111266,4.289,11
‘ 5211218, 23 111111100123, 421). 29914 11 340,6
711114721 1011. ,1115300 11311017
31 11830 1033.11111181).86614 11291, 14
29 11208, 16. 211, l 1111 211. 94411 11291,11
48 11415, 28 411. 949 Α 1131315
75 205, 3 1113111. 5 11. 209 E 11 253, l
4,11 1165, 23 51121οΑ 112535
37 3337 81121111 113539
5,12 43311 Menex. 21123511 11347,18
49 341, 15 71123711 ,113631
55 26311 11011011. 12117914 113368
07 552, 9 (11. add.) 41 11. 99 B 11 317, 7
68 11 369, 18 1111001100.1,111.5711 113437
88 583, 111. ΙΙ 166, 17. 45, 10411. 960 11371, 12
192, 16. 2115, 11. 1111110110. 1323112341] 1137312
365,7 35, 751) ,2541411311 18
1115 sq. 4337 11011110. 441131160 1134413

106 ’4511,4. 114631 1110013. 2,41). 3100 112833 301,17
310311. 53111 10 ί1913200113142
46 333, 4. 350, 22 [1011101111 51133111) 1130313
5031. 4738 101). 33111) 113508
70 115238 24113540 1121111, 10
Petronius 381, 2. 567, 19 1131131100 1129311

Pherecrates comicus κραπατάλλοις 11 328, 111 111· 311111 1131111)

01. ἐν Χείρωσι 11313, 13 113114 11301, 15

Philosophi 5, 1. 13, 13. 58, 10. 331, 10 · 1110311010 1131311

1110011111. 1715111515 16 ,1211511814 1135316
11111001110111130. Ρ1101111011110 Thfflg 11111271) 1125311

1111011101111000111100311 3115, 2 110000101- qm, 1111311 111,213
010111134100110111135020 311310 11337’5
Ρ111111·11111244,10. 1101231. 0. 8. 11113. 1113118093 13 357 8 11 ’11 1 41ss 2
448 11 111 Carbonaria 516 11. 10000101001011-
Ρ1301’1·111,“0111111111111111111111510,23.111310-111,118 30, 11 q„ 1113011111,ὶ 133, 15,
111111111491111 . , , 271,2. 11110110111οι13301011113231,21.
11000000001011011311 11 35¹ 111110300111. 1110010130, 11.
22 00110111 ¹¹ 2⁸5 8 11 11111011 113, 11. 101, 8. 101, 131.
Plato philosophus 11 486,14. ἐπιταφίῳ 224, 1.6. 226, 14. 3011, 5. 317, 22. 528.
1136311111 προτέρῳ Ιππαρχικῷ 21. 117,25. 5311. 111110111111110111·
11 340, 6 168, 9 (u. 01111). 321, 2. 564, 16 (11.
1101111011. 1 111. 1044810111 11261. 20 add.)
2111040 11205, 4. 11 11001. 1311. 11421, 26
111.05Α 11205, 17 116 sq. 199, 17
111050 11 1611019 l 1, 1011. 11 422, 3
11111150 11211011 · 7 ,1142212
171). 1211) 113335 8 11 422, 18
1131113110 1110215 9 11 422, 14
apolog. 8001111. 1611280 1136123 10 1142216
181). 313 112822 158 11 511, 3*
0113101111. 4,.711 1551] 1120315 315 257,7
7,1711.1600 11336,18.21 111 11 59, 3*
2351 17511 1133317 111,4 ’ 11511111
00110111. 111. 17311 113113,Ῑῖ 75 11511911
311175111 1136311 84 11511911
15111914 111833 2, 213 1159, 3*
0111011. 111430 113631 1112,5 1153101
411441) 113538 10 56316
5114511 11367,10 11116 115310*
8114811 113331 111 Asinaria 1 1, 28 911, 23
141). 520 1131117 3,(13 110111*
11011111101112, 5 1). 272 Ε 11 33313 . 1111 1, 1 sqq. 50, 7
11, 291). 2834 11311118 ⁴ V2,3 5111119
17, 4511. 2000 11337,10 10 Aulularia 110012 223, 15

 

