INDEX RERVM ΕΤ VOCABVLORVM 591

584,]3.585,15.111,3.πο,11381.354,17.358,121ο11·111111·11170,25
3,18.12.20.10,12.18,[31315 πτο11μ570,25
15, 173, 21. 138, 11. 234, προςα1ορ111ω 403, 13 πτύρομαι 403, 12
20.449,8.1111·15111111111προςβ11111ω11357, 14 1111111111 11111124321
11111577, 8. 578, 13. 580, π ροςβλὲπω 11 350, 8 111111111111128, 14
3. 582, 10. 58411. 585, π ρέχος 1111357, 3 11111111111511111111111120, 13111.
14. 587, 17. 11202, 20 προςηγορίοι ἄντανοὶπλοοτος odd.)
, secundae 5779 578, 19. 548, 10 11111111111230, 11 - “
580, 9. 582, 10. 584, 12. προςη 11111352, 13. προς· 11111110 432,12.501,13. 11
585,14.587,17. 1112, 8111111280,Ιο 352,12 480, 7.111101·1500,27.
17.232,20.11111111310 π ροςέὶευσις 11 493. 27 11 148, 14. 158, 31. 230,
. 11. 11141, 20.· 142, 25. προςὲρχ 0111111353, 12. 403, 7 231, 7. 232, 24. 311.
150,18 151,7.180,11. ί,27. 494. 14. προςελεο· 14. 320 13.1101111421,1
gffipoffirpbeggonssummum σπέος 114041114311, 18 111111ς11111218118ῃ231, 2. 502,5
π οςεύ ο oo pur 11.
· 11151511111111111151ο1ο11112,3 ρ31113οι 111111111111113, 18
ρο1111111111111581,13.582,προςγε1ῶ11355,14 1)1111231,13(111311)502,3
4 23. 588, 3. 10.’ 531, π ροςκαθὲζομαι 11 350, 17 111,11111113 17. 231, 1. 502,9
22. 535, 17. 537, 13. 11 π ροςκέπτομαι 11 355, 3 11111 1111111 231, l. 370, 5
2,4. 3,21. 101, 24. 107, π ροςοικῶ 11 350, 5 porrus 231, 1311111012)
14. 109, 12. 173, 30. 204, π ροςωποποιια 370, 9. 450, 301, 0
25, 218, 15. 433, 34 11. 587, 24. 11437, 32 11118 1811 118, 0
praeposilirrrrm 573,19.11 πρ ος (οθῶ 403, 11 111851111118111111103,15. 18
14,18.112,0 prosper prosperus 225, 10 1111111111111111 11529.4
principale 11 144, 21 11111111111111228, 17 puls 320, 12. 325, 20
' primitirrum575. 12. 577, 0. π ρφος ε’ρω 11354, 15 1110111249, 17
582, 8. 113, 21. 14815. προςφωνῶ 11 354, 9 111111111111111523,2·2
100, 4. 107, 24. 443, 8 111511111511273, 27. 237, 22. 111111ιί1175, 3. 170, 1. 243,
111111101111111114,18. 17, 3181335117. 35811. 1711112428
15.19.9 37,·27 1111 ο400,5.,.524311
11111111111111170,17* π ορςπίπτω 11 357, 21 573· 20
1111110110 170, 17 προςτάσοω 11 302, 22 puniceus 21, 1. 40, 7
, 1111111111111157812181121, 11111111111011111124, 12 Punico ·s 10, 7
. 15.125,1,128 ,8.10.111ο11111143318. 11οο11117, Ρ111111111111111ο1481.201,10
· 142, 11. 28 18 1111111ο40, 7
111111111111111111117, 10 πρ οπερ 1111111303, 15. 373, 20 Puo'rus 0111115184, 0

, 1111111111 589, 10. 11170, 18 πρότερα 11303 15. 373, 20 pop ppis 323, 4. 330, 7

11111111111111111111 579, 20. 580, πρότερον 11 20,14.43,13.11111811111111120,2
14.1114,8.1,12 0 330, 0 puriter 11 71, 14
5110111111 1118, 13. 138, 11 111ο111111111 11 71, 3 purpura 27 24
115111111111111 582, 8. 583, 7 111ο111111111143, 13 1111111111111111441, 24
111111111ο1ο11112,8 ρ1ο1111ο protestor 397. 1 111111111111111121,1
11111101ο11112,7 111ο1111111111158, 42. 01. 53, 7* 1111110311. 275, 9. 11445,
ρ1οοι11111111οο,25. 7,.,.792 πρ ῷτον 11 350, 21 2849313
13,18.13,11.45,13. 11 πρότονος 103, 10 1111111 11 05, 22
405,14 πρ ώτρ11 174,4Π111111ς245,3
πρ οορ 11111 11111 351, 13 πρωτοτοκος 11408, 13 Π111ος21110. 1141031
111ο11101144,18. 4023. 231, προτρέπω 880, 2 πυνθάνομαι 11 358, 18
11.11111511ο185,12 1110111015 11283, 27. 237, 22. ποτίζω 11111110 24, 9
propero Ι31 89, 13 358, 11 1211111111175, 8

properiter 11 71, 5 1151111321, 25 Πυθαγόρειος Prlrrrgoreus
prop pero 11 274, 24 proximrrs97, 15 71, 3

111111115111103353.11303,20.111υο1511111375,24 Π5οο111350, 12
. 300,17.323,14 1111111111111111111111 142, 12 πύξος 20, 13
propinquus 11213, 27 π ρύτανιςπροπανεύ31432, 23
προπορεύομαι 11 40, 17 potitura 33, 7. 507, 23 11Ιί1111118, 21. 12, 5. 13 9.
prop portio 11 593, 25 ps 1111115 nomina 283, 10. q14. 30, 5. 13. 47.9. 11111,
111ο11111112818,31,22. 43, 320, 3 · 25

1. 50, 21. 345, 4 psallo 520, 20. 527, 21 1111111123,19.132,24.134,
prop odioso 11 59, 8* 1111115113 13. 130, 20. 347,7
propugno 11273, 1. 283, 1 ψεὺὃω 380,511111111111111135,21
prorsum 1175, 15 psile 11 520, 15 “ 1111111111· 11 138, 10
111ο1111111153,7*. 75,15.-1111531,22.533,18.505, (11110115111408,20

11, 1 11. 111111 ,1111111111115111111

 

