1110811 RERVM ΕΤ11091181’1.0111’11 581

1133101434, 1 manes 359, 5 11111111111111180,13.1148123
1315111111111115111111111442,7 1111111111111111111111441, 25 nunnius 120, 18

Lyrceus 1111111172, 11 mauilesto 1198, 29 medico 1111·1111111388,18. 393, “

Λυσίας 239, 5 manipulatim 11 59, 4* 2., 11 273, 3
m 111111131111, 11 (u. ΙΙ9111191011 111, 11 ' 3111111533a⁷a

111112). 49, 7. 589, 25 .11111209, 15 1111111111111523. 28
Macedones 11 208. 10 ,1111111111 11 522, 21 mediterraneus 11 1828
macer 118, 10. 127, 19 manualis tata [113111111111111148123
machinor 379, 91. 382,5 1111111111111139,10.592,15 1111111111379,11.597,14
μάχομαι 11 3493 1111111298, tt. 3732 medius 11489, 33
111111113912 111111111111522,10 μέγα agninum 11357, 18 ,
1111111235, 1 marceo 378. 13 Μεγαροῖ 11 350, 12
Macrinus 794 111111501239, 12 Μέγης 245, 9(11. 111111.)
mamus 559, 19 marcor 235, 1 μεγιμτη 174, 4
madidusl37‚ 10 111111319155943 μη1111118. 1
1111111111 2392 marito 433. 23 meio 404. 19

’ 111111111325, 19. 1152412 matitus1311, 14 μεῖον μῆον 71, 11

Maenalus 177,2 1111311111143, 14 11111175,19.179,8. 31919
maereo 419, 11 , mango 141, 18. 145, 24. Με111μπους272, 11.11445,39
151111141912 20912 μ11115111161,8.211,0 ·
maestiter 1171,1 marinus 78, 21 μελάμζοφος 51 12
ma stus 140 3 μάρμαρον mannor25, 11 Μελέαγρος 224. 11
1111311449.11321111.338,11111115143111 11111111,11111112311931919
24. 344, 19. 348, 21 alam-..attan 20212. 239, μ,418 25
. magistet equitum 4495 7.289,5μ11111”1 385 19. 597, 119
magistratus 259, 9. 11 444, Μα ostias· 143, 8 Μελικὲρ τ ,Al-13 ll
31. 525, 3 1111111111131, 2. 335,18. 1111110189η2
magnanimitas 177, 24 347,1·2. 11515, 3 μὲὶλω 11329, 12
magnillcentior 91, 21 11111111111111514,33 1111115111111”“11, 19
magnitudo 11 522, 34 ,1111111111 99, 3 membranacius 1392
111311111111329,5.23μαρτυρῶ 382, 1. 384. 19 memini 590, 22. 11280, 1.
Μα1α37,.2’2. 39, 21 μαριυς μαρτυρος 217, 3 295. 23. 298. 9. 3293
maiestas 128, 21 mas 239, 3. 351, 25 Μίμνων 229, 11
1111111189, 3 349, 12. 11397, μασῶμ αι 403, 8 memor 235, 19. 314, 3. 11
.21. maiius 14. 9 31aspiter2211,8. 11515, 2 524, 2. memoris memore
maittseulns311,4. 101,11.111111121.0.3920 341, 3. 354,3
11 499, 27* ματαιῶ 389, 14 memore 11 77, 12
111119111374, 20. 440, 20. matertera 142, 2. 4199 memoriter 1177, 12. 524, 23
11 298, 21. 271,18. 273, 1111111195, 14 memorior235, 15
111.325,1 1111111111111111111111111 11111111πί1111- μέμφοαι 11 329, 20
1111110111111113, 10 1111111511 μ11111 11359,21.394, 15.
1111111111 11 113, 11 matutine 137, 7 μ,398 17
’ μα1λο1111325.10.344,13.111111111111179,18.80,12 menn 130. 8
34920. 111111111111325 11111111991432915. 11 Μένανδρος 224, 10. 272, 5
1034920. aramma 515, 1 1111111397 ·
11309 1 11111ιί11129,13.110,9 manceps 29, 13
maluacens116.2 Maximinus 795 mendieor 3799
1111111111 nialus 142, ll maxime ll 325, ll. 348, 21 Μένδης att. 10
malus odieclluum 11521, 13 111111111111595, 11.ot,14. ma· Menelaus 4992
Ῑῃ11112019513102992012.999ῗί9 1ἓ111η241793920 111991191511111111111111195 20
1111111μή1111,13111,13.111·11111,1
Mancinus 78, 4. 79, 9 meatim 448, 2. 594, 2. 11 mens mentis 341 2911111111
mandatum mandatela 120, 9 528, 25 eaptus11222,111
1111111397, 1. 11111111111111131611.,1131111111111111119
12. 435, 2 44914599, 11 ⁰362, 17 mensale 1311, 23
121129817 111911111124, 9 (11.111111).1111111111353.9
1111111111397,1 3921 menstruus81,l2. 1398
manduco mandator 399, 25 111111111388,17.439,7.590, 11111111114,7
11111111 552, 851. 111111). 11 9112792 mensumns81, 12
99914920 11111111111111111111111120, 11 mentio 1111111396, 14
1111111373,1.491,19. 11 31e11amna11182,8 mentum llntta deriuatlan 125
484, 7, mediana 11 481, 25 12

 

