11111111 311111111111111

Vergilius Aonvidos . Vntgilius .1··n··i·1ns
1'111 3111 1113, 22. 333, 111. 11133, X 37 311, 11
22. 2111, 21 1211 2117. 1‘1

3117 131, 3. 11111, 23. 2111. 13

11111 2117. 11. 11 31, 11

1123 333, 13

1137371. 113,1

1113 111, 13. 111112, 11

1111139, 31113

1177 113, 211. 113, 3. 1711,
13111112

11111 3:111. 11

3118 2112, 13. 11172, 211

111111 11111, 111

71111 217, 11

711 ³1]- 3111 3

11111 1 1111111 33

0 mmm

11 223, 11

211 37,111.2113,1.11221,17
1111 3311, 111

111 sq. 11 31111, 3
11111111. 1131311
1311 333, 22

1111 sqq. 11213. 2. 111
2113εᾳ. 1111112

2111 sqq. 11213, 21

211 11217,3
211171. 11211121
ψ31ηἨ
231391. 11711, 3
211113. 31137

371 11311113 .
378 1133111
3113 113111)
1113 11 1111, 211
113 113111, 311

ns QOmwmz.

211
127 11111117
117 313, 1
11133ᾳ. 313111
177 seqq. 11 1113, 13
311 1133, 11
323 21111 7. 12-1, 11
337 ” 3211, 3. 322, 211
337111. 31111, 11
311331. 317, 11
11112. 11311, 12
111111 113111, 11. 313, 11
· 317211. 113112, 3
1133 sq. 33, 3. 2113, 11. 1113211
3111311. 11211113
11311 1131. 23
1133 112111, 11
7111 2117, 13
’7311 321111
7112 323, l
7117 11113, 23
771 sq. 2111111
7113 111, 1
3131ᾳ, 11331113
Χ 1 1131112
31 1132, 22

137111. 11211. 2
1111 11333 1.;
133 11237, 12
11111 333, 21
172 seq. 11313, 21
1711 71, 3

m 133 ¹

11111 21111 13

2117 77, 1

2117311. 111113

2111εᾳ. 11.“1”)3,3

213 1111323

2211 3311, 11

228211. 237, 21. 11 1-17, 111.
2111, 22

ωψιηηψῄω

2113 2113, 17

3111 11 1117, 22

31111371. 11113, 2. 1311, 21

3111 31111, 11

3111 31111, 11

111 331121

132 13117

113 31111

170371. 1111111, 22

507 1111», 21*

31339. 223, 2. 3131 13

331 112711, l

311 371, 11

313 11711, 111

331119. 32117

3117 11:18, 8. 83, 23

112331. 11231. 10

1138371. 3113, 211

1111 31111 3. 3311211. 313, 23.
11 1113, 31

11112 11111, 1. 118, 111

11112 sq. 1111113

11111 11 1111 111

333 11 1111, 111. 41111, 11

1177 3311, 11

1131 sq. 11317, 3. 3311, 7

727 sq. 1113,·1.171,3

732 sq. 11211311

11111 sqq. 2311, 11

71181q. , 113113. 111

8111εᾳ. 111112,11

1111233 211, 23

mn umam

33 Μωι

ww mstt

w 1mmafflww1
ωπ

mm mffistmm

m 13η.

m QQM

lm naamA

mslmmummmm
lmmmmm

m 131

Μψιωαωμωωε

 

