11111111 813111*1’11111’11 543

Plautus 111 ,4111111111111 1 1, 111
28 11 58. 2*

11 1,111 11111 “

-1,8 11582*

Δ 4, 2519. 1558
1415 1011
111 0, 11111. 210,3
30 51112

1111 11, 1111. 258, 17
19, 70 382

’ 11 111-1111111115, w. 1111111

111 1, 12 421, 2. 5011, 28
V 2, 30 07, 10. 204, 18
111 Captiuis 11 2, 8811. 11 74, 12
811 1158, 3*
102 1158, 3*
3,8 H 58, 31. 70,1
111 5, 110 99, 3
5, 107 sq. 207. 7
11112, 35 51, 10
40 258, 23
75 258, 15
4, 12 170, 111
111 0115111111νοὶ. 411 11 58, 3*
114, 18 11 58. 3*
. 5, 25 220, 10
0, 28 320, 7
32 70, 2
8, 58 108, 111
00 1158, 3*
111 2, 25 11 58, 1*
4, 14 102, 17
5ὢη1Μ9
50 1158, 4*
1111 4, 10 330, 13
11511. 3111111. 111, 11
3, 13 1158, 4*

1111111111111111103, 12. 20. 105,10. 1(17,”5. θ

111, 0. 114, 1. 270, 18. 388, 3. 11 58,
4*. 5*
Ι 1, lsq. 520, 1501111111.)
11 1, 35 (12.0
37 3225
111 curvatione 1 Ι, 10 107, 13
. 1158, 5*
3014
“ 203, 4
2,12 1158. 5*
13 1175, 12
33 1170, 20
31 11585*
32111. 11320
50 1158, 5*
11 3, 84 11 58, 0*
1111 2, 20 11 10, 10
1, 20 11580*
V 1,7 1158, 0*
111 Epidico 1 1. 38111. 11252, 8
11 2, 03 1158, 0*
1114, 111 80, 21
411 1158, 7*
V 1. 31 112,14.113.15
111111111111111111 11111101 11 58. 7*
12, 25 3034

11 58, l* Plautus in ,1111111111111111

11 2, 00 11 122, 111
111 2, 11 482, 18
3, 1 151, 11
1111 3,11 151, 11
V l, 7 711, 18
13 2311, 11
2, 1111 21011111111111.)
1112111. 202, 5
2,100“ 11587*
121 11 58, 7*
11, 30 2120
111 Mercatore 1 1, 99 11 511. 3*
2. 311 11 511, 3*
112 11 511, 3*
11 1, :33 11 111, 2
3, 107 11 511, 3*
111 1, 11 270,11
, V 2, 88 220, 2
811 301, 2
1, 10 11511, 3*
111 Milite giorioso
1 1, 11 sqq. 11121. 21
11170111. 200,11
5, 30 11 511, 2*
111 3, 110 11 511, 2*
1111 2, 07111. 148, 21
99 11 511, 2*
V 1, 20
111 ,111191111111111 1, 23

102, 11

11 11, 7*

- 111, 111, 1111, 11
., :⁷ 11111, 1*

. 11 58, 8*
2 11 58, 8*
. 111, 7
ἴ 111, 11
⁸.. : 11 588
111 1, 127 1111. 17. 11.07.8
2, 10 1Ι 58, 8*
V l, 1 201, 11 ·
52 138, 27
111 Persa 1 l, 38 11 511, 5*
. 3, 28 11 511, 5*
30 224, 12
11 2, 47 11 511, 0* “
3. 3 11 511, 0*. 70,20
12 11511, 0*
· - 1111,1 115110*
0 11 511, 0*
2, 2 200, 3
3. 53 1111, 211
05 11 59, 9*
77 11 511, 1,1*
1, 59 11511, 11*
5, 5 11 511, 7*
8 11 511, 7*
11 511, l*
11 511, 1*
, 11 70, 20
” 105, 8
'⁶ 11511, 1*. 71,1
200, 4
3, 31111. 272,8
11 2419. 109,ss

in innuln prol. 40

 

