INDEX scuw'ruuvu

Rabirius rerum Romanuruml 30120* ” Sallustius iuCutiiiuurio

111111111ιί111 Palaemon 35. 27
I1uuutus 11. 1'egelius

11111101· ud Herennium
1117 91117
13, 20 523, 21
1112,3 35517
11118 0.·1. 19
1121 10111
19, 32 3117. 10
111135 105. 111
1,7 357,0
0,9 1118.11
17. 25 05,15
31.12 105. 21. 190, 1
18, 111 197,10(11.111111.)

Sallustius 92. 11. 11 311. 7. 111, 27. 3115. 111.
111 11101011133117, 11. 11 111, 1. 1111111110-
riurum 158. 1 (u. 111111). 111 1110101111 li-
1110 1 3011, 10. 111 1 historiarum 3117. 7.
3112. 22. 1311. 5. 512, 10. 520, 5. 531.
21. 535. 111(11. adu). 5311, 111. 530, 211.
11 311, 20. 37, 13. 01. 18. 111. 00, 111.
211. 21. 07, 1. 2. 73. 11. 78. 23. 188.
15. iu 0111101111..Ρ11·11·ρρ121ῑ1, 10. iu
11 historiarum 113, 12. 17. 151, 2 (u.
111111). 291. 18. 202, 9. 231. 11. 213. 3,
210, 3. 255, 1. 2111. 8. 189, 11. 505, 5.
511,11. 531. 23. 1171127. 111111111-
0101111111111230, 1. 15. 2111, 5. 219. 13.
382. 1. 131. 21. 5011, 9. 511, 111111.
adu). 535, 11. 510, 12. 11 71, 27. iu
1111 111510111111112111, 3135. 13. 173, 8.
181. 5. 187,1, 512. 12. 535, 8. 1152.
-10, 111.1οι·ῑ;ιηιιιι1’ 11225, 15. 20. 220. 1
111 1111111110τί0 1, 1 358, 15. 11 3711. 18
1,11 11 107, 91. 2211, 3.
28817
, 11133, 30
11 11, 21
·,.’ 11 uu. 111, 157. ’.111.
2311, 7. 287,2
’”, 11 85. 1. 217, 11
⁷.. 11111111
' 11111. 13
11,1 112028
11,11 110311
11,7 11311. 211
11,1 11111,·.).1,011;1,11
12, 3 113703
12.1 3101
11,1 111111, u.
17,2 11 305, 10
18,8 11·111,11
mwssfflssffiffl,
21,1 11301,Ιο
25,2 112811,5
31, 7 310, 20. 351. 21
’ 3.·1, 3 11321. 19
311, 2 11 18811. 31312.
351. 21
Μ1ΙΗΜΏ
1112 ΙΙ 281, 2. 307,0

GRAMMATICI LATINI 111.

10,5 1100, 11
13,2 11111,11
1111 5311.111
51,15 575.18*.1102,12*.
1113. 13
51, 25 103. 1*. 11273, 15
20 ΙΙ 307, 5. 358, 23
52¹,ss 11 155, 31
1 . 25311
’1, 11 511. 22
ἴ 1118111
. .··, 11111111.
11111101111111110 5. 3 11 111, 18
lus 11 155. 32
11,2 101,18
3 11 312, 21
11,1 uu, 17
11. 3 1121128
11,1 u 111, 13
1811 112112.11
22,1 1135311
2510 113311
3111 1173, 10
15.? 11 111,ss
11,1 11 1100
1111 11 3215
538 112511.11
113, 3 527. 23
81,2 1100, 15
81, 3 11285,1
85,10 11221.111. 3001.
3115. 21
87,1 11318111
88,1 1131019
89,7 1175
9:3‚2 113280
11111,2 115. 01111. 13
101,0 53013
1083 39311
110,2 107. 511323, 10
Scaurus qrmumaticuu 517, 11 “
Sappho 28, 15. 277, 21
3111010110 artium 11. arrium scriptores
qui de litera scripseruu13113. 7
Suu-urus metricus 11 128. 1
Seneca controuersiarum 1131, 21 11110,11
l.. Seneca 333, 11
30111»Ξο 1190111. 305 253, 9. 1111100101. 710
25 ,7
Seruius 100. l. 212, 5. 111 commento quod
01111111111111011111111118, 15. iu comruuutu
Virgilii 233, 11. ad Very. Aen. 1 511
532. 22. 111 commentario ,1011111100 1 171
515, 22. 111 commentario tertii 111111111-
grunni Aen. 111320 250, 11. ad Aen. vu
5113 2511, 22. ud Geo. 1111118 2511, 22
Srurrus 11. Cornriius et Cassius
suiuues 111111. 1. 11. 111 ἐπ’ Ἀρτεμι-
1 ι) ὶ
81111111111113111151-111', 11. 9111 xu historia· .
rruu 2111, 1
Solinus iu roilrrtuuris 1111 polyhistori· 1.
21 22, 0. 539, 10. 11230, 111

35

 

