540 74777177 84177774047737

Lucanus 1258888881. 475, 25. 177 XVIIII 542, 27. 177 ΧΧ
v7 5777 5²⁷‚l · 888), 88. 177 xxm 858), 74. 888 xm< ⁰
1123 443, 24. 479, 22, 481, 207, 4. 488, 24
18. 521,7 Lucretius l 1 292, 18
11120 II 98, 22 27 444, 24. 527,5
98 1150,16 29 285,7
159 398,6 7088. 4998
111288. 340, 23 8488. 285,9
197 210,17 192 591,10
31288. 11 193, 21 209 591,7
36188. 477, 4 588 542,19
3898588. 3326 720· “27,2
894 114981 806 349, 22
505 403, 20 1115588. 401,12·
03988. 11 348, 9 476 275, 3. II 493, 14
6858. 11301, 24 58688. 24910
82688. 11334, 20 888 132, 21
855 II 287, 20 111150 445, 9. 474,ss
85588811110,18 161 510,1
1111184 328, 21 . . 528, 28
105 72,5 ‘ 27, 4
2118 485,3
33“.88. 1127,1 1 211 4711, 24
340 354, 19 111711 281, 18. 3111, 12
358 34117 2911 152,13
382 531, 9. 545, 111 300 281, 18. 319, 12
444 88. 76,26.11414,·1.41118781188211. 20
411388. 112887 1129885444, 14
7113 531, 0 13 88,,888 188 τῳ π8ρ1’τ8ς ἱερείας 11 3411, 4
1111158888, 11217,2 777177. 1881818888 11 2011, 20*
411 3011,8 188888 18· 8888881 85888188) ,770777173777' 7.
255 2230. 33914. 11 1110, 47 τω 888881 του Λιο 7'7707 ς 8818855 11335,
19 1.1. 17 τῷ περὶτοῦ 1188881883858 8818-
51588. 248.19.338,4 8858811291, 12. 320, 12. ἐντῷ προς
5311 112208 4177167777377717 11 340 1.1 ἒντῷκατὰ Μι-
11211 211815 ’ 77777077 φονου 11 298 18, 777177. 4go7777. 18
7777 888, 777 p. 888 88 77 838 77’. 88 8. 888 77 38..
732 217 14
750 52713 1188··,88 1258888188 (1 2) 888888811888 13, 9
811688. 11 215, 20 1188888, Aemilius ιιι 451 777777771177777 525, 3
932 497, 20 81118888, 1.1818818881881 8888888811243 21811
Χ,121 42,3 227,1, 260, 23. 11 8, 8. 177 Χ118888-
122 445, 3 8888118888) 525, 3* (77. 7774). 5888851888·-
112 102. 10· 259, 10 888 532, 24
158 88. 349, 16 1188888888 In 07777u17777 530, 11
187 256,12 · ,11888881118858888888888888188888) Χ1111487,1
1119 193, 52. 11273, 17 ,1188881188 77. Nonius
23988. 125,2 1188888888, 1158811188 1118, 10
2111 474,14 ,1188118118 88188888581 18,188. 257,12
350 234, 4 05 2111, 0
355 11303,14 · 05, 3 267, 18
382 11 2296 111 12. 1 5111, 25

52288. 277,14 2129
523 234, 4 18.1188881888275112888718888. 177 111777177

1888111888 1711 17 200, 20. 338,.7 379, 111, 334, 19. 777 441111 11177710s ·718 12*
381, 4.479,15.5117,17. 1171, 2188 Maximus 77. 1288188888 8118181888

11484,11. 88811121198 501,2’2.512,1118888818811290,4.3127,2.3322 ἕν
25. 1771111 217, 8. ¹2:11, 23. 1811, 211. 88 81888108 193, 22188. add). 77711777·
522, 17. inv 115, 77. 470, 0. 502, 211. 818888) 240, 258. 888181..) 18881858811345,
5311, 111. 777 88818888888881120810. in 11.118888185888881128115.18888
1111115,111.5411,14. 8111111251 14. 7777777'777077777777 113111, 0*. 7174117731717777
307. 25. 507 1,)8Χ123114.188 11114 23. 88) 8888888888) 1131).8-μ
411 399, 15. 188Χ1111215, 7. 535 2. 8581888 11331. ll. 375, 25 ·
177 ,Χ111881 Fu7771177777 8812181111 777'7717777 ’1118)88818118888Ι 7u oratione qua 77177171

 

