Q

(1911911111 111 1911911919( 511

diuinitus 1178, 6. 79, 20. 1111119149, 13. 209, 7. 255, 8 3113111317. 16

155 20 91919999191111232 13 αν 11 94, 13. 286, 3. 241,
dius 71,19 tu. panum 111191911111111829 18. 247. 19. 304,2

diuus 309, 20 1191911240, 4(u. (11111) 1991911571 10584311 -

(191191111911111912210 (1111115172,3.193,5*. 11 11. 26. 15, 57 198, 11.
119 490 10.471,1. 468, 13. 415, 25 ’ 171,9. 176. 25. 181, 18.
519, 5. 518, 25. 51917, 1191111111911247,25 2661. 4492119919111
534, 4. 599, 27. 571, 27. dubius 11 217, 29 11290 19

11 193. 29. 299, 14. 273, (1111191148, 21 19111911 11588*

2. 525,9. 52933. 527, 119115111111511413, 19 obrius 193. 2*

31 (19137120. douo duco 390 8. 421, 23. 449, 1·11.· 1111111199111111320, 19
91191 11359, 22 11. 409, 20 50914. 511, 14111125, 1. 237. 8

’ δῶ δῶμα 214, 19 23. (1111325, 9. 373, 4. 111· 1111111 1111111593. 25. 5999

1111111134, 3. 491,3.11 11111111· 19 111911111111111111 1· 111111 59419. 1121,13
11279, 21. (1111191391, 21. 323, 12 1,1’911321 19
11 199,19.111111111111 11 (1111·111111158,5* 63,6 7512 1311· poi 11 74, 20. 528. 29
494,12 · 1111119432, 19 odo 456. 18. 5228. 559, 24
(1911111111132. 14. 11219, 17 (1111191432, 27. 434. 15 ἔδούς (111911 29, 20
(191111111219, 19 dudum 1191, 21. 82, 8. 89, 14111911277.8
(19111111111441,9 12. 479, 29 1911191437, 14
1191191434, 3 1191111119 11 497, 9 1·1111·11111·1·1180,27
1111111191120,19 (191111111111105,18 1111119(·191·191377,8
(1911115592, 21. 11148.21. dulcedo 122, 12 - 1111111119 11 58, 3* (11. add).
216, 16. 217, 19. 27. 390, dum 11 286, 16. 479, 29. 59, 1*. 3*
17. 464. 20 5031 11111119 131, 25
dodrans 11 468, 24. 419, 20 dumetum 123. 25 ἐγρηχει 911611129312
9911115389, 17.(19111111293 dumtaxat 1178, 25. 348, 15ἡγεμονεόω 11 362, 21
23 ’ 1111931919. (111112941011··,1111111715112189
(1111115691112689 281, 1199111349, 11 1· ,geo 466. 27. 11 144, 21.
l. 367. 5 111111111911419.11ῧ177,3.350,10.399,14 ¹
(7(9μᾰσ129111505,32 dupium 11 419. 2 ἔγγιστα 11 291, 21
11951111913799 389,1. 11 dupondius 11497, 28. 4165 &autonomiam 11 309, 20 ·
273, 27 1111111170 4 1111191111 11. enclitiva
domui 1. 11219, 23. 500, 1 ,(11111·9397,12.,443,23 ἐγκώμιον 11 262. 22

’ Domitianus 11 566, 4 (11111119 397, 12 1111111119 11 2635

Domitius 11 509, 3 11111111· 1 11 79, 4 ogo 418, 8. 579, 9. 112, 28.

899111942923. 1121419 (19111111181 291, 1. egomet 566 26.
(1911114118, 25. 473, 11. 11 (11119 397, 12. 443, 23 9111111592, 9. 599. 11. 1111-
509, 2. 529, 27 (111191111111111111911111113920.1111119992559415.599,10
δόμος 11 565, 33 1111911111121013.233,15 ἔμ’ ω 11 4, 25. 14. 6. 462.
(1915115209, 10. 309, 7. 11 11111111141617121.115119112,13.1μ1ῦ
505, 31. 1199111139 8. 111111111111111 410 31 {6065y 1112 31. 11111111·
97,5 ,,98 7. 566, 5 (111119, 5. 466, 21 11521, 9 187. 11.113,13.287,19.
domo 7411 δυικὸς ἀριθμός 163, 9* 41823. τίμοι 1139417
11911111 1158.1*.3*.8*. (111919 484. 1 ἡγοῦμαι 11 317, 7. 346, 7
59,1*.71, 11 δύσκολος 11 472, 22 11111111111129111

11999 491. 13. 11 298, 14. 1111111191911137, 10. 40, 10.
2731 · eiittero 68 453, 1. 454, 24. 557, 17
1191111119 148 16. 215, 20. 11·9111·μ1111111111111111191111 ει (1111111191911197. 17
379,18.11523,15 67. 7. 1 producta 1191111 εἰ coniunctio 1194, 13. 241,
Δόμκιον 215. 29 9111111911 11 68, 16. 111- 22. 247. 17. 299, t. 289,

’1111911252 9 uim uomina 11 522, 27. 3. 304, 2. 119174, 29.
91112410. 32,19.41,8.·1·11111·μ11 911119 aomina 191171. 20
74, 19. 253, 29. 279, 4. 145, 11. 203, 3. 312. 7. 1111111111991173,14.119,15
113,1 1· proditi-ta 911119 uomina 1111112392

(1911111119 428,3 145.11.204.8. 11)·19 11191131512

dorsum dorsus 170, 4 (11111991111111111111421122. εἰδωλοποιία 11437,35
99111951928313 145, 2. 264. 8. 346, 2 εἴκω 449, 9

(191134. 16. 253,19. 11 1111111119, 32 εἰμι 455 7. ων 112395
521. 8 · 132, 21 μετ ’ἐμοῦ ἐστιτὰ δίκαια
dotalis 131. 4 1111111199, 32 11 326. 9. τοῦ πλείονός
3911191 5825 11113319. 1129, 27. 35. 191111 365, 20

“ 11111·1(·11.·1140.13.209,7 25. 47, 11. 48, 1. 19 11191140, 12 ,

drachma 11408, 19. 499, 16 1 priuatiuum 1148, 16. 22 εἰς 1153, 412945

 

