INDEX RElll'hl ET voclssvlonvll

hodiernus 77. 6. 26. 118, 22

17551173, 14

holus 273. 14. 274, 25

homicida 11522, 3

homo 27, 1. 102, 3. 200, 22

homullus homullulus homun-
culus 102, 4. 100, 3

homuncio 102, 4. 100, 3.
114,17

honor bonos 185, 4

honestas 128, 22

honestus 140, 2

1755575 11274, 10

honorus 138, 12

1757511 400, 10

175755531010.

honio hornotinus 75, 25. 80,·

1755765421, 25. 11270, 21.

, horsum 1175, 21. 84, 12.

138, 24

17555302, 21

1757757 370,- 10. 302, 21. 11
227,19.276,15.324, 17
hospes 150, 22. 310, 24.
325, 7. 342, 10. 1121, 8.
280,12

hospita 317. 1

'hospitalis 131, 4

Hostilius 11521, 18
hostorium 215, 17

17775 20, 21 ’

1751 11440, 30

· huiusmodi 596, 5. 1122, 5.
113,11.175,10.175177755·
7775711504, 3

17557555 0551551757 humanitus
11 70 4. 78, 0

17575575 200, 5

1755755100, 3. 269, 5. 175751
1107, 5. 377,5

’ hydrus 777, 77

Hylaeus 70, 25
hyphen 11 520, 8
1185571155 05, 10

’77

11177575 7, 15. 13, 11. 25
gu. 57131. 14, l. 80, 17.
012. 208, 4. 303, 2(77.
odd). 430,,4 453, l. 454,
24. 557,17.500,0. 11
4051540710

1 115175 5575155 1571775 et

= 87575520411

7 onie ξ breuis 322, 29

7 pronominibus 8755517 571-
clitum 11 1⁴13. 27

711420. 16,16

1777 μία 11 400, 0

15575 308, 18 ,

1551530818. 437, 31. 438,
20. 450, 20. 400, 20. 490.
11.407,10

nmmum unm 111.

577

157511470,17.482,10 impedio 11274, 15. 278, 21.
iambicum 75577557 11418, 4. 205, 17. 207, 3. 308, 17
459.9.401,6. 5577577777557537420. 1122715.
κόμετρ 5711420, 24. pen- 273, 24 280, 10. 302, 21
tametcriumhicnsll418, 15. imperator 432, 27. 434, 15.
senarius iambicus 11,000, 11219. 24
10. 77157775715751715584418, impes 241, 1
10 Α impcrlio impertior 400, 1.
1571758550515 085. lo· 438, 24
mis mos 71 10 73,11.impetroll295,17.297,18
440. 14. 11408, 5 impietus 178.4
’111787 Ἴβηρος 234, 0 impingo 523, 17. 525, 20.
11757557 170, 5 11 513. 30
71771171, 10 impius 1135, 23
1171715777 1175, 1 157 1155 473, 3. 1127415.
icio 496, 18 ,7
155 500, 22. iouis 509, 24. imploro 11 270, 2
1130313 impos 253. 11
171775,580 14. 503, 22. 1111, imprccor 322, 11
25. 120, l. 124, 10. 142, impubis 249 21. 11524, 20
10. 502, 4 impunc1167.20.'68,8
1055115575 580, 22. 1175, 22 751151755557155210,7. 313,
ides 1177175 patronymica 00, 8. 875555 210, 3
7.13 15871557155751153, 24
1075750775 303 5. 555, 13. 15 17])755571715 11 35, 8. 43,
11107,.3108,18.223,11 1.Ιζ.44450,27.’,15314
10755 11 172. 14 310, 14 84 5. 114.20. 294,10.
idus364,2.11370,8 303, 5. 305, 10. 354, 19
1555711524· 7757118717. 0517255.
1555723810 · 10 2501820012Θο
778571148117,1ερά174,4 10. 494. 75553, 2. 512,
1855771777 11 71, 3 8 ἵναμ rjl',191 0. 200,3
18175711100, 15. 300, 5 Inachus 1555157157 08, 8
18555 ignesco 466, 25 inarticulata nox5, 7
18517 315, 8 1555575 438. 5
ignosco 510, 10 155777571112,5
ignotus 430, 18 1551755 11 310, 20
ἰκτῖνος 177715 217, 4 incido 438, 24 ,
11 115175 5551775123, 17 147, 1551 15 401. 8. 11302, 18.
13. 214,14. 312,12. 11 310, 20
155175 11270, 15
inclinatius 11 141, 10
incommoditas 371, 5
iliceos 11185557 70, 12 155558751757 11211, 20
Ilioneus 301, 15 15555755775715371,5 ⁴
111511517557557515571775131, incrementum 125, 19. io-
5757577575 83, 20
11175 ’205,5 increpo 11 322. 23
llle 1 , 7. 228, 3. 577, 20. incubo 469, 12. 507, 3
578, 24. 11 142, 17. 30. 15555155400, 12. 507, 3
147, 7. 108, 17. 500, 20 incus 269 24. 516, 3
11115130,2.302,18.587,2. 7571771135,17. 07,10. 82,
50024. 503,11.14. 11 23. 130, 0 ,
03, 19. 528, 20 indeclinabilia 184 0. 201, 7.
1111715 11 270, 21 214, 7
illiterato 5577 5, 8 inducor 235, 5
11155 20, 21 15015511208,17

523, 10
111503, 13. 144, 11
11157157 03, 13 .

1055155130, 13 Ι1571171575 11 75. 1 ι
imago 11522, 34’ · 157118 ceno 11478, 0·
imbec 150, 19. 230, 15. 339, indigeo 11 159, 26
1551877241, 1

1777118 557 11 281, 2
1551855711222, 18
15711857112180

37

2. 35017 ⁶
imbrex 100, 13
immitto 11488. 25
157575 11 100, 10

 

