lxnssx §131111'10111'11 · 553

111-211111 Arm-idos

nm ma

m uma

m swa
wspmmo

m 1111111
w mmo

m umam&
22osq. 217.2

. 2m4wst

223 92. 11. 11 192. 17

231 sq. 121, 21. 11 151. 21. 257,
22. 3115, 9. 315, 111

217 2911, 111. 599, 11

251 11 91. 21

253 11 113,2 ’

25711. 3113, 9. 11 1119,11

2111 11 83. 11. 97, 1

2111111. 11 158, 17

3115111. 11 2511. 19

312 2111, 11. 299, 11. 319. 5

31511. 11 1311, 23

317 1112, 111

3211 3112. 17. 112211, 21. 3113,
23. 351, 3

32111. 11 197, 111

323 11 1112. 13

32711. 1121113

11 mm

329 11 191, 12

3311 11 375, 111

31311. 11 2111, 3- 221, 11

2117 1111, 11. 11155, 27. 325, 11

3511 1151, 111

3119 11291, 19

37211. 1119111

m nm&

:r 11111, 7

:7 11 151, 12

ἲἻ. 11 373, 13

393 11 3511, 111

1311 111, 1. 1711, 11

155 351, 23. 3111, 11

15511. 11299, 15

1511 11 311112

159 2811, 2

1115 279, 9

11111911. 11 111, 7

17911, 11 51111, 10

11111 519, 25. 115111, 32

5111 11371, 19

5111 11 391, 3. 313, 111

m HQ&

522 11119, 3. 197, 7

511 1711, 11

’ m vw5

573 11 187, 111
57511. 1117, 17. 11311, 1
w nmffi
535 11 52, 5 ’
59511. 11 197, 21
1111311. 1197,111

1111 299, 7

1111 11 199, 21

111-111111 ,11111111

Μῖιψῃψωψμ

1117 eq. 11 1111. 11. 2111, 11

m mmm .

w mmmm&

fflspnffiffl

W 115

ffi mn

w 191

w um5

maumm

manum

w 111

wmnmmmmfflz
amu

mwnmm

m uma

m mm

Ἥ mm

ἓὼιωωωηω

21. 2171. 19

Q mmmmm

. 11115. 11. 139. 17

5 1171111141 297. 2. 299,
.· ,· 1

511. 11 191. 25

1111. 217, 7.-113, 7

1111. 3911, 17

12 11 99, 111

1911. 3119, 17

31 11 2111, 3

:32 11311, 11

3911. 11 115, 7. 1911, 111

33 11315,10 ·

111 11 97, 25

111 11 97, 23

51 1113, 2. 2119, 2

111 11 2111, 11

111 11 351,9

81 113, 10

115 1115, 8. 192. 11. 559,
29. 11222,11

93 11 281. 3

1113 ΙΙ 112, 15. 397, 111. 179211

195 139. 9

1111 “ 11311, 25

111711. 11 sm

215 391, 22. 1121125. 399,
11. 377. 11

221 3211. 19 .

23511. 3911, 11

21111. 292. 29

29211, 11 113,.15

27111, 391, 2. 1171. 11. 9915

289 11 71. 9, 289, 19

299311. 11 99, 17 ⁰

319 273. 5

322 27311

32131. 158. 19. 3115, 21

325111. 112311, 15

331 11 1211, 19*

312 eq. 11 3111, 1

353 11 111,11

351 11 «1337

 

