588 11101111 11811111 ΕΤ vomovnottvtt

Pelides 66, 3. 67, 3 perinde 1128,11. 67,11. Ρ11511151279,5
557111νοῦ5 αι 11 486, 5 68, 8 φημί 38, 6
1111715131, 5 perio 435, 5 φεο 11375, 3
Ρ5111151 31, 5. 215, 17 περιώμ151169,175565513937
pellex 140, 9 περιορᾶν 11 345, 9 φίλαυτος 596, 6
pelleget 550, 6 555551555151551 3521251745 406, 27. 563, 7. 564,
5511151550. 6. 496, 23. 497, περιφὲρω 11414 (”.30 565,’6. 567,7. 11107
9(11. add) 5531φ5115511346, 14 204. 1545. 177, 20. 464,
pellitus 442, 3. 562, 18 περιφορᾶριος 11 41. 8 51715τέ55 563, 7. 11
55115435, 3.’ 469, 5. 11277, 7 1155511511153814. 567,16 464, 11
55115555 50, 7 περισπείρω403, 10 “ φιλόκ111λ55162, 4* ·
peluis 329, 4 περιττός 11 12, 6 1211115151115111525, 15
11157111 29, ’1 “ 5511155400, 19’. 11217, 27 φίλος 11286, 10
· penatis penates 355,4 periurus 11’38, 14 philosophia 11522,7 ,
pendeo 555115 22 21. 398, 1711 6er 11 34. 10 41, 5 551155551151431, 25. 433, 15.
55515155138,7’ 55151555511309,7 434, 8. 11270, 21
penetrabilis 11219, 18 5515151151115919*(11.51111) φιὶόσοφος 162, 4*
55115115115131, 11. 11 219, 18 pernix 166. 3. ’323, 8 philosophus 4346
5551111551111556111111 99,19.1155155515433, 22 φιλοτιμοῦμαι 11 375, 12
78,1 55151511511439, 38 Philotium 148, 16. 316,18
55511551155151185, 13. 99, 22. perosus 11 521, 23 Φίμβρ ιας 143, 7
11 502, 28 pernox 289, 8 φοβοῦμαι φο11ῶ 391, 14
555155151518816 112, 6 perpetior 438 23 Phoenice s 49, 6
πεντεκαίδεκα 11 286, 21 perplexabiliter 1159, 7* (11. 5515155552111. phoeniceus
penthemimeres heroicum 16, odd.) 49, 7
11 perplexim 1159, 7* Φοι15ξ323, 1
Pentheus 361, 14 perrumpttr1136‚2 φωρ 27, 23
penum 176, 14. 392, 11*.511555115111515511114924.1)·3’115155219,15.1211515515
261, 6 151, 7 personae pr-ono 275, 14
55555163 11. 17614. 192, 5115551581, 10. 111445 φορῶ 11375 14
11.‘266,18;11445,6 182, 23. 201, 16. uin-bo 5511115447, 2
551 adverbium 1138, 11. 76, rum 4⁶23, 14. 447, 22. φοο σις 1135 23
18. 85, 22. 86, 16. 115, 448, 10. 578.1. 11117, 551555ςὸ631 .
11.156,7 16. 149, 30. 151, 3. 157, φρονῶ 562, 23. 11395, 16.·
per praepositio 11 28, 17. '21 166, ”22. 164,. 22. 182, φ464, 29
37, 26 49, 5 23. 161, 14. 203, 4. per· φοντίζω 11278, 15. ⁶266, 21. ,
1151515 11 39, 8 55115 attic· 551 utts et 5105155511 375, 25
percello 466, 6. 5⁶26. 18 11163, 26 5351111511 163, Ρ11113ἰ5 287, 3
551551115551555151396, 16 2616418.ἀύ15111111115 φρύγω. 278, 13
55155115378,5 1115, 26. 15115551115511 φθέγμα34, 17
percutio 419, 2 ’1’5,26.25.115155111551115φυγή”,36 20
perdix 166, 15 16. 26. per 55115 555155- Φυλεύς Φύ7ης 276,4
perduellio 11407,7 5111151115,·26.55511135-φ51151511418,1.’503,18
peregre 11 67, 29 tue 11 100,11 simplices 1215555 118, 23
perendie 434, 17 ΙΙ 15, 27 pietuuttus442, 1
perendino 434, 17 5515511 euus 136, 7 pietas 5128, 6
55153115511511111295,1.11551111·5·1115561,’3 51 eo 432 ’12 561,10.11
529, 23 perterre t1·utio 431, 26 486,1 35111158, 31.
5511551151 178,5 , 55111555 11 525, 39 239, 8. 231, 7. 329, ’12
perileio 377, 7. 401, 7 peruienx 11525, 39 piger 1¹27, 19
551111115555138 211 pes 26, 18 243, 7, 326, 8. pig gueratieius 135, 24
perlidus 1138, 14. 301, 23. 455, 8. pedes 1555512151 pignero 3663 15
465, 26 1146912 5131115274, 1 11 463. 28
5514535 121, 5 pessimus 65, 19 99, 14 pilatus 442, 2. 562, 14
5513 135377, 20. 513 16. 523, peto 537, 6. ’23. 11 490, 1 Pindaricum metrum, uouente-
19. 525, 18. 11508, 36. πέτομ 511493, 11 1151511460, 6
513, ⁶26¹ 55111155 136,’ 19 5153,ο446 11.488,1
55511128, 22. 34, 10. 41, 511φ11, 7. 23. 1·2,1. 19, 7 pingue, 7 ’22
3. 8. 20. 24. 48’ 28 57,’121155111511115155·125115111551151155 1115111484, l ·
17. 84, 8. 344, 18. 316, 3. 65, 7 51551553520 536. 3 .
7.369,11.371, 17 Φ51111ξ 289, 5. 323, 3 51555185, 5. 267, 4. 11445,
1155165775) 4930 11346, 21 φαίνω 11 374, 11 19. 498,
5555515555· 11219, 6 51111511 477, ’37 piper piperi 205, 8
tteptyptt'tpeo43617 21151555111155115555) 11511116, 15 pirum pirus 142, 10

 

