511 ’ 1111111111111111111111111

11111 11 469, 28 senatusconsultum ll 175, 9 1113216. 192, 37*. 455, 6.
scriba 121, 5 11111111 114, 17 11 16, 26

scribo 43. 18. 434, 4. 446,4 senectus 500, 26 semp, 131 20

1111111429, 23 11111483, 25. 512,3 . sextula Μ’,

scriptor 434. 4 1111111484, 5. 512, 3 ’

' 11111111115633. 11404,18. 1111111169,17.279,18.325,1 1θῖ1111 102, 37*

522, 10 seni 300, 22 ' ' sexus 162, 7. 171, 7

scripulus 11 408, 18 scuio ll 415, 28 11 11 07, 17.·86, 9. 94, 13. ’

scrobs 108, 6. 326, 24 1111111 66, 1. 92, 8. 154, 8 246, 8. 241, 18. 249, 1.
scrobis 326, 24 sensibilis sensilis 132, 21 289, 4. 304, 7

scuria 396, 15 111111111163, 13. 71, 8. 75,0 sibilum 11111111 25, 26
1111111379, 11 *. 396, 5. 11 1111111111 11432, 4. 28 sibilus 264, 4

274,8 ’ 1111111399,12. 435,16. 11 111 1165, 15. 74,11. 85, 28.
5111111111 480. 16 , 277, 3. 276, 1. 265, 16. 48419
11111 scutum 11111111 scutula 314, 2. 324, 15. 346, 2. 811111111476, 7 “

115,8 . ' . 360, 19 siccitas 11 526, 16
scutatus 441, 15. 442, 2. 111111111428,3 1111111185,”9
, 562, 14 111111111157, 13· sicilicus 11469, 2

Scyllia 286, 5. 11268, 16 scpur 156, 8 sicubi ll 169, 15
sc· 1157, 2 separo 11 277, 8 Siculus 11476, 17
Scbcn 221, 18. 1111111545, 26. 576, 3 siun 515, 8. 521, 25
1111 472, 16. 576, 21. 11 scpccm 32, 26.-162, 37*. 11111521, 25

520. 27 455, 6. 11 16, 26 1111111274, 18. 11493, 26
secto 396 21 Scptcmber 150, 20. 236, 16. sigillum 110, 25
111111· 396, ’21. 431, 6011 338, 17 significantia 11 14, 13

274, 6 septcnnlcccna ll 280, 22 signillcntio cerionem 376, 1.
sccundn 11357, 2 scptcni 366, 22 373, 9. 564, 26. 11267,6
1111116111 1126,27.’321, 19. scpccnuio 11 113, 16 > siguillco 440, 1

357, 2. 358, 4 scptigcsirnus ll 413, 21 siguum 11497, 11
1111111 329. 4. 11 524, 27 scptiinana ll 414, 27. 415, 28 11111 154, 17. 11 523, 36
securicula 105. 18 scptiugcnti 48, 10 silex 141, 17. 164, 13. 11'
securus 100, 5. 1157, 13. septunx 11 408, 25. 416, 26 361, 1 ‘

486, 16 1111111111 11223, 26.444,12 siliqua 11469, 4. 16
111111 1157, 15. 78, 2. 115.15 scquo 396, 21 11111 16, 8, 11 112, 22
11111122, 4. 398, 23. 399, sequor 378, 25. 396, 21. 11 8111111135, 14. 4111111811-

11.111,1.135,1·1,451, 1111 uns 175.ss

28. 461, 1. 477. 13481, Scrgiolus 102, 1. 112, 10 11111111111522, 17

8. 483, 4. 522, 6. 11 326, 11111111111111274,3 similis 11219, 25. 286, 11.

22. 527, 16 1111115826 ι 3328
sunu us, 1. cu, 7. 131, serere 15, 13. 115, 11, 111, nursiamcasam

11. 11511, 11 1. 111, 11. 511, 11. 531, 111111515111 s*
scilinien 11523, 18 15. 532, 7. 18. 534, 16. Σιμόεις 252, 4. 15
11111111 11 528, 24 569, 26. 11 69, 8. 72, 25. simplum 11 416, 2
1111111 1168, 20 525, 5 simul 1187, 9. 365. 21
⁶w⁸111114410⁹441 ¹5 11111111111ὲὲ4ἷ13, 16 1111111111ὶί 9{acclip 11437, 34
111111 ,“ . , scrpcus ‚ simun ,

1111111111 11 462, 6 111111111111 113, 18 sin 11 289, 5

11111111 148. 23 Seruilius 135, 14 sinapi 265, 1

111111111111 148,Ι 23 seruitus 11525, 18 sinapis 205. 1. 11524, 27
sciniquinarin 11111111 304, 10 scr-nio ll 274, 2. 346, 4 sinciput 11526, 8
11111113226. 192, 37*. 455, 81111111 135, 13 sinc 1145, 10. 47, 8. 52,16.

6. 11 10, 20. 57,-15. 466, 111111 11274,2 . 354, 24 .

25 1111111 27, 14. 582, 6. 11 singillatim ΙΙ 75,6
1111111111 256, 18 ³ 219, 23 singularia scmpcr 174, 23.
1111111111111111111 11408, 15 scsccnli 48, 21 170, 2
1111111111 ll 523, 31 scsccsimus ll 413, 21 singularis 133, 3. 11415, 6,
· 111111111111118, 7. 11. 10. 9, 111111 11232, 2 singulare 11522, 28

11. 11, 12. 25. 23, 15. 1111111111 11 408, 27 singuli 11 413, 26

41, 25 sestertius 300. 21. 11 407, singultim 1103, 14. 75,8
scnrpltcruus 81, 4 26. 412, 16 1111111111186, 19
1111111111 ll 469, 1 Salluis 30, 21 sinistimus 98, 8
1111111121ἕᾶ 11235121,8236 Η 8111111ῐ 5314, ⁷10 Γ 111111Ξ18111ἑ1ὲ1111175,15.84, 12.
11111111· “. , . 11111111 , 1 ,

444, 29 ' nun u 511, 111 sino 481, 1. 511, 11. 5111.

 

