592 tuuux 1111111111 vocnttvLqutt

quadrigar 126, 23. 11416. 23 10. 14. 11. 28. 20, 29. 123, 24. 131. 27. 132. 8.
quadrigesimus 11413, 19 120. 2. 125, 3..127,4. 12. 134, 7. 415, 25
quadringenti 48. 18 129, 5. 450, 4. 467, 20. quotquot 11 135, 17
quadruplo quadruplor390, 19 501, 16. quaa 7, 21. 111 quotumo 11 59, 5*
quadruplum 11410.2 303, 14 quotus 575, 4*. 11122, 13
(11111563, 12. 11 123, 23 qui aduerdium ll 72, 10. quousque ll 139,7
qnatenus tt 95. 16. 122, 13 137,4 quum 36, 14
quaerimonia 120. 2 quia1194, 23. 137, 20 quur 36, 14
quaero 103, 7*. 387. 10. 401, quicumque 505. 23 quus finita tertarum 138, 10
19. 535, 16. 509, 10111. quidam quidam tt 304, 15 ,
aad). 11 220, 1. 274, 7. quidem 11 102, 12. quidem rlt'llera 7, 3. 21, 4. 31,15.
275, 11. 276, 17. 503, 35 noro 11357, l 50, 1.· 102, 311¹. ᾇ 19, 2
quaesito 430, 8 quidistic 11 85, 0 ra finita 1111111111 120, 23
1111111535, 14. 11317,1. quidni 1185,9 · (11101111 111115111023
366, 15 1111113242, 9. 11446, 31. 1151611137, 14

¹ quaestor 432. 26 524, 21 rado 400, 20“

quaestuosus 11 210,0 quiesco 500, 2. 573, 22. 11 radicitus 11 78,7
111111118552513311 111, 11 , 1111115111, 11
503, 35 quieto quietor 300, 10 ranunculus 110, 15. 115, 7
1111111371, 2. 573, 3*. 11 quietus 500. 2. 573, 22 rapidus 11210, 13
122, 12. 127, 8. 128, 16. quin 11 100, 16. 467, 34 rapio 460, 17. 461, 8. 409,
130, 6. 131,13. 132, 6. quincunx ll 408. 25 3. 12 “
’ 133, 18. 130, 27. 153, 17. quindecim 11 286, 21 raptim 1175,5
364, 1. 401. 22. 501, 10 quingenti 48. 10 ratio ratiuncula 108, 16
qualisqualis 11 135,,14 quingesimus 11413. 20 raucio 530, 1. 542, 27
qualitor 11 123. 14. 130, 14. quinquatrus 355, 14 1111111111 128, 25
131, 24. 132, 14. 134. 5. quintana porta 11 414, 27 re-11 29, 11. 57,9
137, 5 Quintilis 131, 20. 338, 16 Ῥέα 168, 11*
qualus 115, 12 0111111111472, 14 rabello 11407, 8
quant 03, 15. 1174, 24. 99, quio 564, 15 ’ 111111111111161111111148, 10.
3317, 10 ’ 011111011111111 134. 2 103, 12
quamobrem 11 32, 8 quisito quiritor 306, 18 recino 438, 11
quamquam 11 96, 15. 90, quis 7, 15. 21. 12, 15. 371, reciprocatio 584, 4. 11 14, 23.
0. 13 2. 575, 21. 117,0.8. 1. 17, 24. 127, 22. 164, 1.
quamuis 1100, 15. 09. 13 22. 0, 10. 20. 21. 122. 10. 166, 20. 168, 19. 183, 17.
quando 11 67, 17. 72, 18. 123, 12. 125. 6. 127, 5. 184. 2. 223, 11. 232, 10.
82, 21. 83, 6. 88, 26. 80, 120, 5. 131, 13. 132, 5. passio 111111111303,5 ,
12. 123, 17. 13415. 136, 133. 15. 134, 19. 136,12. recordo recordor 306, 20
21 . 26. 15318. 170, 5440, 1111111016. 11415111
quandoque 11138, 17 37. 450. 3. 407, 28501, recuso 516, 4. 11 275, 5.
quantus 371, 2. 575, 4*. 11 15. quid 11131, 20. 364, 34015 “
122, 13. 127, 8. 128, 16. 10 redditiopronotuinatiua11130.1 ‚
131. 14. 133, 20. 130,27. quisquo 179, 16. 440, 16. 1111111434, 27
153, 17. 401, 24. 501, 21 1125, 10. 306, 0 redoloo 488, 20
quantusqunntus tt 135, 15 quisquis 11 135. 14 reduco redduco 47, 9
quasillum 115. 12 quo 1112319. 132,13.134, 1111111438, 24
, quassabilis 132,8 8. 136, 20. 347, 7. 348, 10. refercio 542, 24
quasso 502,0 350, 11 - resero 11 310, 7. rolant 595,
quaternio 140,5 quoad 11 139, 1 , 7. 11 159, 5
qun 7, 21. 181, 20. 182, 15. qnod11338, 17 · reficio 401, 8
ll 25, 12. 52, 17. 03, 22. quomodo 11 123, 21. 131, 24. refragor 435, 7
115, 0. 465, 37. 474, t. 333. 16 refutatio 11434, 1

476, 34. 488, 16. 500, 9. quondum 1181, 2l.82, 12 requisimus ,
521, 2 quoniam 11 94, 23 regiflous 11470, 10

quemadmodum ΙΙ 367, 4 quoque 11 03, 18. 102, 12. regimen 120, 4. 11523, 18
queo 22, 13. 530, 14. 538, 103, 10. 138, 16. 492, 32 111ξί111706
15, 539, 15, 54513, 557, quorsum 11 138, 21 regina 120, 18. 1147825.

18. 560, 23. 11156,21. quot 575, 4*. 11 122, 13. 521, 37
525, 5. 528,6 128, 10. 131. 14. 132, 7. 1181116816, 114706

1111111267, 3. 11445, 0. 133, 23. 136, 17. 492, 2. 11811432, 19. 11 273,Ι 27.
4084 501, 24 470, 3. regnatus501, 17

queror 11 275, 10. 326, 30 quotannis ll 323, 5· 334, 10 rego 421, 24. 446, 11. 459,
1111111170, 19. 81, 11 quottote11³349 2²··496. 16. 523, 7. 11

qui pronomen 117, 9. 0, 20. quotiens tt 78, 2²· 83, 19, 478, 23. 513, 25

 

