111111 1111111111 ’

Horatius
611111. Ι 10. 45111. 3400
20,Ιο 361, 23
27 350, 24
111,10 4806
17 501, 20. 550, 0
1041111. 144, 20
105 218,13
105 sq. 150.7
217 222,17
2,184 24515
11111111. 4711. 11111, 16
5511. 11271, 10
1138qq. 267, 23
41433.11331,15 ’
0. Hoitensius 381,10
Hos tius in l 11111111 270, 8
111111101111111. Aristogitonem 11 200 202,
Δηλιακῳ 11334, 7. nn'l'w't Λῃμ 0⁶91—
νους 11 3201011τῲ κατὰ Ham-

κλέους 11 200, 1. ἐν τω περ 1 τοὺ τα-
ριχους 11 105, 0

11111111 276, 10

, siwertus· poeta ll 421, 5. traq. apud Cicer.

Tusc. I 470, 10 qraeci poetae incerti
1010111133..) 16. 16, 20. 28, 4.
11 10017. cf. prouerbium
1111111111 ilcriptor ἕν τῶ περὶ μουσικῆς
lszuvus113353. 4111113 προς Ευκλει
011111117215
Isim-ates ep. πρὸς Ἀντίπατρον p. 415
· 821111111308, 14
· 41111111. 2311. 380 11 287, 23
241) 11. 380 11 1017
4611. 303 113200
Archidami 104 p. 197 11 363. 10
1111111031 ιι 111113
Areopagit. 4811. 140 113102
ι 1300111101111. 2011. 6 11 351, 0
34110 1127032004
θιιςοιιι.111·1ι·,ιιιιι·57 p. 217 11 376, 5
ad Nicoclem 27 p. 20 ’111006
(11111111 1011. 103 113111‚9
311›.11111 11281, 21
81 p. 175 11 281, 23
02 p. 177 1131523Ι
110 p. 181 11303,11
11111111 1111101
panegyr. 411. 42 113503
1611. 44 1137211
6611. 54 113300
14411. 70 11205, 10
14611. 71 11 104, 20
16811. 76 1131014
Philipp. . 79 p. 08 11360, 0
12111111. 211. 207 1136013
511207 1133014
luha 11420, 7. 23. 'ein ovtauo 11420, 24
’ 11111111Ιί1 1113105 20816
3isq.11119‚8
30 107, 20
40 113,4

537

lunenaiissat.1 1, 4011. 11 333, 24

0011. 511,5
131 40417
16813. 11 236, 26
2, 56 248, 12. 20018
0311. 162,12
130111. 11 275. 23. 11
326, 21
134 550. 22
165 11375, 12
3, 2313. 1171,Ιο
72 30018
78 11247.6
0311. 25012
0411. 1135*
97 103, 17
203 sq. 2102
232 400. 15. 427, 7.
11 233, 17
200 11 26, 18. 423
204 1630
205 11 07, 21
31811. 401, 0
1‚11.s·q. 58010
04 101. 10
122 1307
5. 1 545, 22
26111. 485. 21
8711. 113203
05 155, 18 (1111171.)
127 468, 22
1107 112202
1811. 11111. 11111.
402. 8. 55015
11211. 347, 16
121 330, 17
231 2335
250 112,2
3281134012
350 164, 13.
,388 11331, 11
480 146, 10
404 4114, 6
408 162, 15. 25015
5781147013
641111. 311, 2. 11143, 24
1117,1311.1177.24
56 11 363. 21
7511131018
82131111 15811
07 33821
120 3008
1301111 320, 23
148 11 405, 34
111517 387,10.11275,7
8. 10 323, 10
85 11 222, 14
142 11 364, 21
187 113,7
22511. 4104
0, 2 286,22.11481,36
15 433. 13
58 520, 21
5011. 307,13

³!

 

