A

11111111 81211111011111

Lucanus PluersaI.
Ι 51 301, 20

113199. 11 211, 13

1111 1177,22.85,2.103,
111. 3110, 21

72 1111117

11019. 310, 211

131 11 207, 21

151 11 132, 11

151. 153 172, 21

111519. 11271111

170 11 185, 20

17919. 517,8 .

25519. 11132111 -

278 sq. 11270,0.2011,111

317 11111, 7. 3-18,1

11219. 201. 11

1111 11 175, 3. 308, 1

173 sq. 31110

181 328, 15

531 520,12

55119. 201,9

1129 335,13

1135199. 11 211, 18

01219. 11337.13

11112 331, 11

11811 320,1

mr ms

17 1711, 22

0819. 311515. 11313

1111 11187. 15. 511, 35
111119. 30510. 112087
12819. 5011, 111

13719. 2103

18319. 222,111

10219. 520,17

22519. 31155

3011 2118,7. 11111, 3

370 271,1

107 2023

121119. 201, 23

575 112831. 301,10
581119. 511,8

1137 270,11

1183 52011

717 3311,111

71819. 121, 22

853 275,11

{mo mm

1319. 157, 5

1819. 135, 211

w 355

7319. 11 111, 17

11019. 5111, 17

11119. 2811, 8

138199. 158, 22

20719. 202, 11

281 72, 25

209 328, 17

388 11 218, 23

132 173, 1

158 531, 22

515 330, 2. 1153,Ιο
11211 511, 1. 11325,5

539

'Lucanus 12111111.
· 11187119. 515, 8. 521, 211

51155

1Μ9 m&

18 11511,25

23 231. 22. 2052
33 11 511, 27

100 401,1·1

10219. 11171,27.308,1
13119. 3311, 13

275 501,12

277 1129511

111 52025
mmmmsswm
15519. 505,12.550,13
182 222, 25

51019. ΙΙ312,8
51819. 11111, 18,
57719. 301,8

1131 307,13

711 511, 23
750199. 11 319, 15
78019. 111,

78519. 11 311. 21

vll 1511, 22. 3111, 21.

312, 17
21119. 157, 20
101 73, 21
130 11222,0
111819. 21111, 111
200 525, 23
211 11 13, 17
25019. 132, 10. 171, 111
322 11 1118, 1
35119. 11281), 111
3113 11 57, 2
3111 138. 12
31111 11 331, 22
17119. 117111
531 318, 10
511119. 511, 15
571 11282, 11 301, 10
1171 301, 11. 11 272, 17.
’27119
1101119. 523, 20

·ηωΛῆωηω

m 111
51355
mmmm&
Μψωῃῡ

wm.wm

m vm
m wm2

‚m mmo

m mmo
311019. 315, 21
ωωΛωω
17519. 1111,15.327,18
1711 231,3

508 11332,12
52319. 310, 17

531 11 173, 32
51519. 5211, 27

518 310, 11

 

