13557' 331111110117'51

ergilius 1151011155

3, 511 11 111, 8. 2211, 5
’ 112111. 111728
111155. 21, 15

77 , 11115, 21. 2117. -1,

2-11, 11
811371. 11 18511
8215, 11135,5
118 ΙΙ 3117,11
1111 175, 17
1111 11, 111
1113 11 281, 15
1, 311 175, 17
51 11 82, 13
511 2117. 18
57 2111, 3

5151. 11 131, 11. 155. ι1.

3111, 111
“ 311 175, 17
1551, 3311, 23
17 3211, 15. 5111, 111
87 575, 7*
11, 3 3q. 5211, 21
9571. 11 2111, 3
’ 11 711. 13
. q. 115, 7. 11152
11 13). 11, 711, 11
175. ll. 558. 21
ιῖ 2113, 2
. . 11275, 111. 3211, 23
·. 111 3112. 18. 3111, 21
·.·. . 77, 2
“. 1-11, 15
·. 11311111
11 811. 11
ε’ 1115, 28
““ 11 228, 27
’ 113, 5

·.· 22117. 3311, 13. 11523.

11*
. 373, 3
. 113711, 7
11 317, 5
ιι 130,-1‚ 7111, 73
1-ι5,Ι 115, 13-177. 7

311 11 85291111, 211. -1711,

2-1. 181. 25

15 51531115, 1115.

111. 3211, ·1
53 xq. 387, 4
¹⁰⁹ 111 1111111111, ιι

arm-giam 1 1351. 3118, 11

57 11 1711, 111

117 371. 11 53, 31

73 175, 17

113 11 3112, 111
81155. 315, 21121111, 111

1111 11273,25. 2811, 111.

51111
ιιιι 175, ιι
137 11 13, ι1
131 175,17
1711 175,17

91511151· georgicon
⁰ 1 ιιιι ιι -ιιιι, 15

ιι5 ιι 55.ι

171 11 1117

131 ιιι, ι1

ικει 177, 17

133 33113. 31111. 11:³72,

. 151735

133 315, 10

11111511. 3211,7

153 315,111

151 3117,11.357,1. ιι
137,11

1ιιι 175,17

1ι5 17517

715 0 1137.·.¹7

21715q. 513, ι1

151 331, 11

:1115 117, 15

315 175, 17

317 175.17

320⁸, 11511*

355 ιι 151, ιιι

155 ιι 273, 1ι

373 ⁸1· ιι 35, 1ιι

ιιιιε, 1315

311119 ιι 151, 7

·117 11 7-1. 3¹. 1711, ·.›

1555. ιι 515

7111 11 175, 13

11 1 1132. 17

7 121, 11*

111 15-1. 13

3351. 1111811

33 sq. 532, 13. 531. 11:115,
5. 51111, 311

11137171. 11 25111

711 sqq. 1335

117 2115, 17

117 11 185. 15

135 388, 211, 11272. 22.
273, 1

1711 112, 22. 11 198. 21

175 31111, 11

11111 1115,12

11111 1112311*

223 11217.8

2511 3117, 22

2811 -182, 17

33115571. 112511, 11

· 331 s„ ιιι, ιι

381 5-111, 18

3811 11 171, 71

1113 sqq. 11 111, 211

1211 11 111, 21

125 31111, 25. 3113, 111. 132).
3. 113111. 11

137 11 158, 25

. 33315, ιι 135, 1

-113 303, 13
133 11 ·213. 5
111 ιι 153, 1ι
131 11 737, 5
137 72, 1

 

