536

, Horatius

carm. 111. 6 11217,11
12, 1711 1121610
15, 511311, 4
1811. 112270
16, 1813111137, 25
17. 113, 11206. 8
21. 013. 302, 10
33, 213. 11 138 3
311, 11 268, 21
37,2211, 1121185
112, 1711. 11268. 25
10111, 11 227, 25
5, 811, 11 50, 12
0,5 74,5
7,17 321, 10
13, 511. 11251118
3011. 2183
15. 1113, 218, 6. 387,7
17. 2711 ,11 2671
18, 2 11466, 10
10, 5 11 73. 17
7 1173.15
1111, 66 1118212
1, 66 .1.1 268, '7
. 6,10 518, 5
11.11111.357,111
801131 11188, 10
,011 1130015
11. 1311, 11186. 13
101313. 221,7.517, 17
17,1 250, 16
1211, 315, 26
25,111, 2511111
27, 111111. 374. 16111, 111111.
1120011
1111111111. 1111111
3, 8 518, 3
1, 1111. 121, 12
13, 16 153, 17
ψ 20 11110, 17
14, 1311. 113117, 2
0 31111,.73 5
1111111.11111111.101357,11
1111111213 351110
1011
5,111. 11101111
116q. 2111, 23
336.· ·321. 15
5713111128111*
11, 2 11 150, 21
13, 2 16, 8. 301, 6. 11
112, 22
711 17, 15
1 · 15,111.11311,11
11111111, 7813. 11 218, 10
· 116 144, 8
2. 31 ,11, 11 208. 10
11 105, 6
71 170, 16
81 238‚9
86 166,14
120 11 336. 14
3, 1311. 211, 211

473, 12. 576. 21

INDEX SCRIPTORVM

Horatius '
111111, 1 11311. 173. 1221, 571, 3
10711. 11 164. 28
5, 35 52,15
10111. 11 128, 16*

. 638 11211, 15
1011. 1178211876
56 1163, 11.75,0

8,1 1181, 21
5 127,16
3711, 1058
36 155,3 0
10 5151
017111. 178, 8, 508, 17
60111. 5152 ’ ·
1021119111 101. 21
111, 11111. 285, 21
1111. 1181, 11 ⁰
’3111150822111512111
11 110, 12
2, 2311. 485. 211
110 1121813*
1211131012
35011, 111516
67 1110121
11711 11 311.3,116,11
163 221,15
187 2003
31011 207, 10
’ 1,1 118316
354. 4
11121
28811
310, 23 ,
1113517 ·
. 1132211
. 347. 20
11 131, 25
,. 11 71, 22
212,12
, 3331
350, 20
⁸ 723
.. 111071*
521. 11
q. 265111
. , 11 1311. 13
, 113502
⁶..7 . Ι2115111
’· ·. 2731
‚ ’ . 1348
170, 11
305, 1
120, 13
11. 211. 358 7
13, 11311 11 2211, 7
10111. 11221111
14, 41 11 271, 23
15. 22 315. 21
11172 1011721112
73..113,018
17. 301. 31115
18011 112211, 15
111,5 181122

 

