551 mom 1111111 11 1555115111

meo 11469, 28 ministro 11274,2 solutus 11431, 12. incli-
Mephitis 328, 5 minito minitor 396, 12 1111511431,1.1 melus
mercedula 167, 11 111115 Μινως 255 ’1. 8 - 1143111
1511555101 10.2,438. 325,16 mino 1111151396111 modus 1561111115 369, 4. 458.
mercor388, 15 3111151893. 346,11 11307, 21. 409, 7. 3, 21. 421,
Mercurialis 130, 24 19 11111115 93 20. 11327, 19. 422,7 425, 9 (11.
Mercurius 301, 20. 302, 7 22. 331, 4 aad..) 23. 450, ’1.552,
5513151368 11111151111186, 4. 101,11 17. 554, 20. 564, 20. 596
mereo 395, ’26. 512,16. 11 mimbilis 132 0 23. 11224, 23. 229, 21.
154, 12. 275. 4. 364, 10. miror ll 163, 21, 310, 9. 232, 6. 26. 235, 4. 248,
1511111395, 26. ll 275, 4. 326, 3 17. 342, 2. 374, 14. 453,
364, 10, 1551555351, 15 misceo 11274, 3 37. 454, 4. praesentiali
meretrix ll 525, 35 1515511115110,’13 199, 23. 1115151111 per·
5511311524, 6. 35, 2. 137, misereo 392, 16 425, l8. lecti ll 1 , 26. futuri
8. 150, 5. 365, 2511475, 428,12.432.10.11486,.7 475, 9. 11470, 33. pas·
2111111111151171, 17 5151111111481445831. 51111413, 23. 11470,15.
1111111110111111111151396, 12 230, 7. 231, 8. 232, 25. 450, 10. 483, 23. futuri
merito ll 68, 211. 72, 25 329,13 11 470, 33. irripersonn·
· 111111· 5· 155· 1111 5·
1131111115 5 25'151', 3. 21315, 153 121, 5. 4115151155
ἑσος 11481,9 275, 2. 487, 34 228, 29. 238. 12. 23912.
11155111111115 77,13 miseresce 428, 13 242.1.243, 8. 251. 5. 255,
-mel 590. 26. ’591 24. ’,593 misericorditer ll 811, 24 17. 265, 7.18.266,4.11.
18. 1114, 12. 144, 2. 52822 11.151·1111·11171,5 17.289,10.17.453,17.
μ11111126,27.38, 15 1111551115111155111111511490, 11 31115551125314. 1)·1155511
111511 11 521, 10 111111113111524611. 114443 115408, 23. 11251, 6. im·
11111111115111115 2911, 20. 590, 22 μνήμ η11 321 18 perlecti 407, 24. praete.-
111111111115170,5 μοχ1ός 403, 9 1111407,12.’5115111418,
μεταξύ ll 12’, 24. 43, 6. moderni ll 528,18 12. 11111111 11200, 8. 452,
36217 111511515396, 13 3. 453. 24

1111111115 115,4. 1152119 moderor 103 42. 396, 13. 51111111111111115408, 18. 421, ’

μεθύω 193, ’22
rnericulosns 138, 27

11111, 15 15 122 1111111111
1111111155, 51. 5151, 5 55, 11. 100, 5 112, 5. .

11111111, 15 415, 5 131, o. 1111 1155, 5. 12, 15. 51, 22'1, 15. 258,' 25. ‘255’ 52. ’

23. 571, 17. 11 ’496 1
1115151379, 11. 396, 13 ,
μέτωπον 11 477, 37
Μητροπολίτης 79, 13

111111111111111115, 15 6””15’·1,’ 1. 455, 15. 11-
111511111111142116. 11162, 51155111125720.11111111

328317. modo non 328, 238, 12. 239, 25. 241, 3.

mesentis 11 206,

metra· 3111115111 11 459, 0, 1.227, 21. 235, 4. 211, 14. 416, 25 417, ’.11 28
1115111111111151111111111181 370, 4. morli 115111111ιί 11 μοιχός 1112, 1

5111115372, 3. 373, 16. 301,

22821.1115655115611111-μοίρηθενμ5ιριὸἰως 1179,

6”.421,5. 492. 6. 505. 21. 11115 421, 18 21
500, 9. 11272. 17. 276,6 111·ρ1ε·1·.11111’1115 419, 23 molaris 133, 0. 101, 18 ’

memor· 373. 16. 3111, 6
metus 303, 12
meus ll 1, 15. 11, 5. 174,
10. 198, 25. 207. 31
,111Ξμὸ1111115 24, 6111. aad..)
,22

’ 1111115311, 15

1111 1115, 111111, 25. 11
555, 25

micturio 420. 13. 495, 12

μικρὸν ἢ μέγαν 11 327. 22

1156111115115422, 18. 11241,4 moles 349, 13
111151111111115406,1561111111). molio molior 302. 12

121, 18 423, 26. 440,.·7 molimen 126 12
11114.12.’228.6’21. molo 526, 8

236, 23. 255, 17. 452, 32. 53155107, 5

485, 2. passini ll ’455 μεμολυμμ111ος11 12, 6
17. praesentis ll 200. 1561115461. 4. 477, 13. ll
511115111140625. apud 276, 15. moneor 30125
3111155 406, 20, loturi ,115111119813

406, 15. 1111151111155511· monile 121, 7. 11 522, 28
tini ll 304, 8 monimen 126, 4

1111155156, 153111, 111. 11 'indicamur- 100, 12. 421, monitus503,l. 1145631.

219, 21
5111111551167,5.85, 12
μιμνήσκωΙΙ298, 13’ 327. 25
mirri ,4111111 11468, 20. 4011,

29. 410, 6. 1111111 11 -,108

20. italien 11410, 3
mingo 472, 21. 488, 1. 5555
minimus 05, ll. 99, 11

211.554,14.1197,15. 46325
156.15.157,11. 211, μονονο1111132819

3. 228, 29. 235, 15. 238. monoptota 18·,l 6.187,16
12 239. 15. 242,1.243, 112,6 ⁴·

2 ⁸214, 17. 245, ’12. 251, monosyllaba 273, 10. ’265,3
2 255, ’,11 265, ’1.1 eom· monimentum125,15
5111111111511131,11. 11111- 1111111123, 7. 460, 2
11111111551143112.1115-111511111551158021.78,9

 

