552

Vergilius georgicon
11 5211

110151 scnw'ronvm ’

112, 15

11 52, 21

11 32, 12. 53, 10. 2112,
20, 3-13, 10. 355, Ι
11 202, 11

11 302. 11

’.7 175,17 “

1101. 15. 113, 10.
10312

·ffi4mm
·: nmwww

&4155

1111, 21. 11 282, 0

ᾖ 300
· 107

. ΙΙ 302, 11

.· . 300, 10

375. 7, 11 282, 7.
300. 8. 377, 12

,ζ 11 31111. 111

’π 0000005

20. 300, 211

τ umss
Η 05

11 113. 7

0100
2 055οΗ
:hnffimo
· 300
· 051

175, 17
11 2112, 12

1η100

wss

. .wst55mmu

nssmstwm

2 150550
π 250
r 300
;,300
ff mussns

³133, 13
303, 11

³ff.nmst

500

ιηΛηῑΜω

ᾗψῡηῖ

11 03, 10
11 507, 33 .

,κ mm
ι 000
s 100 ,

5 MQss
⁰ 000

501
Aeneidos 1 init.

1

11 102, l
200, 10 (u. add.)

wst5mwm
1010550
υῃωῃΑηη
50055
105000
nmss

Vergilius Aeneidos
1 2 11 156, 10. 305, 18.

370. 11 '
3 11 03, 20
389. 330, 1. 11 101, 1
11 1113, 10.- 100, 11).
280, 21. 1112, 31
. 1105, 10
11 02, 25. 83, 18.
103, 11 0
121, 0. 110, 21. 11
228, 25. 237, 10
11 310, 23
. 11 110, 21
” . 11100, 8. 337, 2.
311, 15
11 113, 3
. 11 103, 27
11 30, 18, 309, 25*.
358, 10
11 55, 17
. 217. 5. 11 188, 17
ἷὶ. 11 27. 10, 33, 21 ·
ι . . 171, 17
«7 11 110, 23
ι ' 11 277, 8
Ἰ. ΙΙ 217, 27
. 311, 3
’ . 113111, 15
⁸ s . 11 3111, 5. 310, 2. 330,
10, 310, 21
’” . 11 185, 12
' 11 327, 15
. 11 01, 11
“·’ 11 101, 11
11 , ΙΙ 00, 25
’ .q. 11 187, 13. 202, 1
11 85, 10
·. 11 53, 17
113 11 1⁸15, 211
11-1sq. 3113, 23. 11 110, 25.
1113, 3. 301. 15
85 1131. 11. 111, 3. 05,
27. 87, 12
87 300, 11
115 11 20, 11
110 111. 13. 11215, 20
01101. ΙΙ 83, 13
100 1211, 0
11139. 3211,12
123 1211, 1
mmlwmmzmst.
31111, 10, 351, 15.372,5
133 120, 7
130 11 10, 10
112 5-12, 8
111571. ΙΙ 185, 17
11850, 11512, 22
157 05, 2. 11 -182,8
10810, 358, 21
172 11281, 10. 207, 15,
331, 5
171sq. 515. 17
177 sq. 11 1111, 33

 

