1111111 813111’10111'11

Vergilia.- Avuvidos

1111 3211111. 1131, 21. 315, 3

325111. 31111, 211. 11 3111, 25
327111. 111111, 1-1
333111. 111111, 27. 2111, 3

m nmamnm,

11. 3211, 2
3511 115, 111
3117 1711, 5
31111 3115, 111
373 11377, 11
373111 11 31111, 21. 315, 12
375 17, 111
1111111. 11153,1-1
1111 1111, 11. 55, 3
1111 113117, 2
-133 212, 17
1111 353. 3
1117111. 112113, 7. 3112,7
1112 sq. lI 1113, 11. 21111, 211
5211111. 311, 3
51111111. 112311, 2. 21111, 111
51131111. 11113, 111
5111 1111111, 1·1
511111ᾳ. 1·111,3
1111111911. 11252, 5
000 5111, 12
11211 11322, 7

11511 11 307, 11. 3111, 11.

ml
mspnmm
m ww
v1 amm
ω mmmmm

ω nQnmam

⁴ 7. 2115, 11
'' 111111, 311
¹« 35111
’, q. 2117,11
’ 353, 17
31111, 111
1711, 17
113232
177,7
Ι 11112,3
11111, 1
375, 3. 11 221, 3
5111, 21
1 31113
11 1111, 32
''- 3115,15
11321,3 ’
311, 15
1111117
335, 11. 31111, 3
35113
1. 11111, 13. 538, 11
’12 1121111,15
’' ' 112115, 20
, 112,7
32111. 1111133
33119. 1055
313 11311, 11
3511 11271,2

Vergilius 5111111115
V 371 527, 11

m ma
m umm
m mmmaffio
m mm
m nmw

· 1-11 513, 211

1111 117117

1511 215,7

1113 215,11

1117 1157, -1

,1. 11111, 111. 321, 21

11111. 15

”.. q. 11351, -1
2111, 21

'Pffisso

711 22313

71111 11117, 13

811111. 311112

11111111ᾳ. 1111, 17

11211111. 515,11

827 sq. 111311, 1-1

11111 5711, 11. 11211313. 2111,11

11511 2115,111

Vl 1 11 -1111, 111

13 113113, 21

21111. 111. 15

211 2117,5

27 21111, 12. 31111

31111. 111-1111

37 111-1311

51111. 11321

112 1121111, 13

112 1111, 11. 31111, 22

00 111111, 30

115 11 1111, 10 “

1111121111. 11215, 17

1111111. 111-11), 13

1115 1711, 111

1711 11231, 11

18711. 111111, 0. 210, 11. 213,
11. 21111, 17

2113 1155, 5. 373, 11

2111 11531131

211 3111, 111

252 1132112

2118 115-1, 10

271111. 115112

271 11111111

2111111. 3111, 111

21111 231111

3112 58115

3111 112, 13

3117 31111, 21

321 11311111 .

331 327, 21

3511 171, 27

351 11331211

357 11351,13

372 11 3111, 23

11111 3211, 111

1115111. 111111, 22

 

