hmwwm'

11.481,13.18221.486,11.,1 4112,.5
4115, 311. 516, 6. 514, 18. 526, 5

Grillius 311, 2. ιι6 hirgiiium 6ι· ιιιι Ιιἰιῑί-
1111535, 27

Hemina ιι. Cassius

Ι 111-1661161611. 8. 2 ,21. 61, 111. 1115,

2115, 7. 214. 17, 11115 13,4112,1,
561,13. 11ι1ιιιιΙιοΙ1ιιιιιιίιι2711,111,ιι·1
orthographia 45, 6
Heliodorus metricus 11 426, 14. 111, 427, 2.
428,·5, 16. 17, ’25
Hephaestion metricus 4211. 15. ιι. 112 ed.
615ss. ait. 11 426, 1
Herodotus 12 11 357, 6
6 11 285, 18
5 11 264, 6. 3113, 4
1137210
1121142
2·- 1131111111
11345,2
11321,13
11111511. 11 354, 3
70 114088
61 11366211
214 11 271, 27. 3253
11 1611 11411, 13
11116 113254
65 11361,3
1'111 1118 11 358. 6
ili-simius 11 4311, 6. 432, 23. (ιιιιι. tf! dier.
255 sq. 11274, 5. 11609633 1111211
Hipponax 286, 8. 1142617, 428, 24. ih 1
11 426, 111, 22 ,
111Ξ1ὁιιίιίιι6161ιιιι1-18, 12. 11 236, 20. 315,
Homerus 11 176, 22. 182, ,4. 432, 31
11. A 12 11 1211, 8,
46 45118
71 1131, 111
84 11 1211, 14
ιιιιι. ιι ιιι, 21
114 11 287, 17
135 112425
136 ΙΙ 3114, 4
1112 113315

255 11111118 “

’275 11 286, 23
415ιι. 11 2311 18
525 187, 13
5.12ιι. 11181118
Β 111 11 33, 15
1117 11 2118, 11
3115 11 41, ’21
537 11 418, 27
ιιιι ιι ιιιι, ιιι
Γ 277 1121182
332 ιιι. 11 1822
351 11 11111, 7
383 ιιι. 11 1113, ’.13
,1 178 11 2311, 21
3111 ΙΙ 31111. 18
1151186 1115,4
178 1133,7

Homerus 11. E 322. 4116 4511, 8
Ζ 121 11 33, 15
331 11 33, 7. 312, 23
11 113 11 33, 15
Θ ιιι ιι ιιι, 12*
21 11 165, 173511, 16
287 11 2611, 8. 2811, 14
1 247 11 33, 7. 312, 23
527 11 2118, 12
11511 sq. 11 3116. 13 .
K 378 11 14, 26. 15, 22
4111 4511, 8
Μ 231 2311. 22. 331, 6
2311 11 3114, 2
Ξ 1 36, 23
O 256 ιιιι. h 151, 14
538 11 186, 21
737.736ιι.11 285, 5
Π 235 33, 11
2811 sq. 11 186, 15
Ρ 1511 11 34, 111
163 11 31, 111
11 187,13*
11 3,4 111
ΙΙ 34 8
. 11 318,17
⁶: . 11 111, 4
’ 11 4511, 8
ΙΙ 4111, 1
ιι ιιιι, ιιι
’ . 11 3116, 11
. 11 34. 111
“ ,27 11 331. 21
“ 11 33, 15
11 286, 7. 327, 25
ι. . 11 2811. 21
.. . 187, 13
’“ ι, 113,1
11 18. 24
4511, 8
. ΙΙ 4111, 3
· . 11 187,8
11 15, 23 ⁶
iii-2515. 181.13
ιι ιιιι
11 2111111. 2811, 12
11 33, 7
ιι 126, 11
’ 11 33, 7
11 2311, 1.1
11 ιιιιιίι 5118, 15. 51117 (ιι.ιιιι1) 11367,
’21. 43,11 6
ιιιιιιι, 11 21. ἰι. 385, 6
.·ιι, 144, 17
3117, 16. 432, l
311, 15. 277, 6

, 287, 5. 11 151114
ιιι. 11137, 21. 216, 21
.·ι. 263 8
3 11 41111, ι
111, 1 3627
losqq. 11 222, 16

 

